1681 6258705
8736399
6759484
2408476
9692289
5396733
9746501
666583
2716201
7361665
5492368
4584171
5448696
656985
7484725
351051
7860961
5930321
4660001
6196561
7503203
9364573
572951
3219270
7753751
3228797
4585984
6189491
8851231
1222244
3555893
8577297
3418641
594273
8536751
3808281
4279686
1122806
4259001
316451
7470856
6424821
4996339
7889711
3578275
1229912
2819209
2850961
8440153
5081057
2657737
591431
4950179
2999397
7351361
3135843
8444262
5420703
5329121
6978177
2349619
2915022
9478401
6048811
1137044
4008897
6110177
6196015
5805709
7194917
446765
9509457
9500677
6972451
7376876
6736273
8422081
1185585
995847
1387166
2285915
311949
7602165
6299885
9805587
7265841
3636557
5627801
2130518
5423779
2581586
3277843
2578169
3534781
8318075
8931337
9638337
4223067
2185802
4710291
2703351
4263509
1039715
4498151
3796209
9327293
5200841
1136301
5244204
3963215
1387946
3995439
5211521
4695247
3402394
2716909
8248587
382983
2138873
6468748
3057216
5432112
6311419
1380076
5390561
9716506
164433
6064937
7050773
6696016
9407921
6947585
3846728
5460977
6379321
1021221
1175099
841325
5938637
1791424
5130329
9911342
1541130
5109433
5095081
9660635
4832575
5847007
8835181
2505485
3891179
6429375
2408399
3879071
1597537
8875566
5636228
6315065
9874167
4328841
5729801
216985
1255739
537551
4701233
1478275
4495026
415046
9660721
541677
3806799
4944997
959361
9989969
5632356
3670514
8308607
9376464
1354983
7387889
7944201
3136611
2195401
2414025
5469611
430204
6619145
2806803
3537281
5375417
2918257
2083294
1452961
5048630
5813086
5312705
2042061
2960619
1053019
6131099
602445
2271111
6397489
4080946
4510547
3186316
4835226
3578209
4441366
4114545
5621213
1298245
1800536
4625853
8317777
2817103
6841763
5863649
2189669
9057145
710985
4596979
3211153
4240595
2006421
3906601
8304251
5624791
4538977
5997828
1031209
7059776
2488594
2348321
1277587
4807681
4334998
6102146
1211845
8233609
9698937
3517099
7336841
2996557
1550465
7207611
7879273
7154201
810721
3026575
9021928
5563553
9496900
7480471
3288101
6053456
1086681
4600622
8158651
6025557
6520351
7063637
6625307
9913231
6467009
1901569
2358598
5704531
6270401
1282109
6833574
6121595
951321
6028545
6965812
182241
9184317
2157463
1865627
4550927
5510407
6146482
8277643
961001
3705620
2093715
2185949
4996333
1553475
6243041
3647555
1616529
7618311
653441
947927
1290785
9163580
5027641
6696056
5111353
4488605
2306151
3751673
244640
3220024
110667
164531
7826553
7255105
8562701
4123841
2088555
8957233
540961
2072481
7590253
7928874
968425
4179165
2637377
5983682
3258656
143379
9360196
1769382
4194219
1343609
1043521
1168213
8454207
1538657
7024099
2244347
1958171
4607430
7389253
5187681
9826585
1261043
8909901
9014211
9181533
8159907
781025
5551601
163091
2774303
953930
4968527
5133077
97975
5711114
1304826
822101
8678949
3285387
6755113
3760014
6311265
6373638
5577269
544979
8513325
7229553
1284847
4277281
3436106
4468859
2620435
9702774
7868641
2059234
4615489
9854328
3236866
4279242
5341961
7243665
1383452
5310459
7849361
7231429
9762296
4817009
8505140
1395361
7620357
541673
7039059
5351820
4042509
4696556
3345531
1732541
2535845
4456531
780021
7988664
6257426
501301
3493501
4250241
8002553
3094242
9100061
226272
8966163
2710943
3425439
1548219
3228369
5686145
6073639
6267041
4360031
9685453
2869541
1469559
3399607
2412139
4097099
6440421
2876820
1886793
5530209
4776907
4667745
8602991
4640414
9771777
8821919
2271917
7845121
666131
2074225
4891256
3940009
1782046
3792141
7109507
105281
4903889
5136559
9491332
244533
7271689
2514741
7516062
8723355
6289845
2742971
5285539
2141495
6316301
4699439
5969209
4233165
5960763
7716441
4099095
1157630
5637477
6390395
9766033
7860411
1712458
1849054
3756213
9057921
236161
7931297
6197833
1215465
8274551
4893009
3525756
4037915
1011716
3810076
1544326
1619967
6442577
4707931
5570821
8911721
3094961
4190889
8786273
628226
9498811
7737817
7879597
5222936
7434563
1615777
4678227
1816085
1855201
912847
5431237
1154849
8827193
6016534
7172827
547690
8216967
9402001
7896801
6293847
8488097
699222
2745476
5921733
127571
6358141
9672386
8866417
945067
2977545
7743861
8181001
9608961
8134873
4124193
3685081
370938
4226830
8878501
1691154
9071801
8447731
4773941
4221673
2719840
6577534
3632773
4000673
1359681
9414221
4193890
3334601
6840406
795285
4166937
1493176
4273885
7358049
499353
7185945
9442937
7157361
3171533
7434296
3041659
7081901
222685
2001464
2408203
5220761
8222201
5295011
3138999
3665866
5391417
4821901
8669121
327809
1091168
703302
2131322
2492801
7031773
6948309
6550913
8348051
4063325
1486497
9993271
4227633
4774409
5112571
5775373
6415541
3612121
9157189
7800933
3020699
5536449
2540113
5518288
8140227
8141958
7500341
1815503
5105499
7501447
9630686
1753553
9777400
7488968
6046486
4067197
7973399
2603769
9221677
1084633
580505
7036802
5766241
608945
8906077
291494
1924805
2902365
7910461
8687315
9724289
6403489
3705107
345789
7191402
1517029
1462345
5216209
1222424
7892561
4990690
4267330
457238
3750892
9969781
5938355
1736061
9795399
4409793
3374166
8693275
2814611
9874781
352609
1994747
9066825
3878619
2539436
4169987
3944991
1862811
8772878
5056363
4888589
2383213
2857690
6651408
1565103
9135418
3902337
374979
5660631
5353661
8279951
759376
5645624
1410241
9606343
8490001
9059201
1846055
6944731
9337605
2466221
4528705
1102881
5099116
6470244
7059521
1578477
2292381
2087170
4180045
2877641
3066553
5305345
7170899
9327194
4057163
5601405
2778305
2583314
5290641
5901121
6534708
9474252
6864993
3039918
7436704
243732
181521
1160976
2886213
9198270
9592541
5122641
9850442
8330054
4572683
6258965
1717533
5188623
6079041
9965698
4922745
2567911
9413293
7072941
5239470
7906232
1340021
2896327
6242151
8688324
9324101
7066676
8450021
9978347
246669
588729
7676757
7810763
4586441
466871
8054646
5063126
5475301
2221825
9335921
6676286
1929216
6402680
6270937
7177251
6280959
688797
4404480
303385
6232986
8328749
4880965
6053953
5387041
1333171
8826676
4092002
9684996
105511
5365963
1614657
262554
8310699
1845129
4794877
1831437
9342601
1133161
8576761
9569581
1024257
5931521
1302592
8760816
87692
6472375
3080797
1412551
1494715
2759413
864402
8520321
5699457
935487
2794181
9408211
3023224
3607471
3930473
4139684
6080187
8832731
2674009
9418305
5772808
9855373
9500377
4136389
4697994
6516937
6370411
4656421
3855609
1661271
24341
1951665
408772
7596265
4862989
9868179
3300301
6507745
8925026
6535228
4602997
5519729
8232158
7040090
1630300
8961350
5007921
8052421
6686238
6871521
9744461
8705921
4649711
9532096
3580161
4097861
894429
506436
1803553
3670532
2908209
1340616
5244801
2385473
7742701
3259783
1487665
4729353
8293299
6010496
2909869
9079765
570421
6943021
1781083
3040461
5150573
4713431
1270785
189106
1720182
7130771
7711915
8688941
6698263
8358321
4969351
449573
8643388
1396225
698976
7292429
4371586
9229733
891226
8395373
1342599
1252507
439865
8842030
3063995
4304181
3826468
2312981
8066791
415387
1636781
1873441
6719565
3100081
3140497
8978017
8146305
777376
1265157
5528171
7415583
1768256
5698541
5752167
8592545
1579209
1335768
7584641
4741661
3466867
5328953
237697
1211954
4127241
3176743
3350825
8285321
3456523
6520335
6377611
5741021
4865180
5926201
1857551
6904358
4009721
2432616
1981953
7512176
3297248
3241001
6839423
5477019
7529433
2201773
8646120
5261996
8976160
7148326
5968511
481716
2273298
5777157
4669686
5183017
8480969
9675232
3637321
9244061
1570371
8297556
6751481
2088399
3267829
8777909
478712
1227125
337741
6727937
557838
4364519
2163057
9327973
5362945
1544231
8571737
321953
2011451
3955013
9292908
201453
2617581
7957817
3723805
8488598
8350055
2276360
4627536
6147688
8962234
716117
8910114
3546108
9358957
3546861
8031351
4523105
1617701
1388036
2141923
8969067
3374913
6142739
9432678
1103481
8831261
5137431
493871
1010216
4939299
441169
8093545
8150817
3965751
6978767
8862003
6120662
5531657
9221286
9304141
1423625
3975076
6339226
4802655
8035826
8303002
3671735
4273311
4319784
9382685
7657266
3574544
2876641
301902
852899
8923190
3075407
2077233
4445126
886501
3831061
8019051
6030005
5509497
6159437
4373767
5883601
1383713
5789252
6649571
4111617
8168566
3147289
9638813
1159753
786191
5691469
9835817
4858881
7863209
9093280
3658697
5561485
1146951
6412391
2075311
3922853
3003005
9967337
2700203
9379801
5814345
4317806
6687541
5496941
3006377
2771249
2466621
101165
3494281
8460513
4517977
1831669
4340401
1201419
1051781
7286655
2219582
106049
8875784
2736871
9545721
3255199
5923421
3775497
2829966
2207271
8653575
2966000
894145
5109122
3548557
7187588
8702983
9407241
5462606
2085610
9942155
4362977
5351831
1526432
8778377
5954157
9531576
1286247
3640297
1637395
6217727
6470717
8183935
1379003
302213
9794981
9792349
2688681
1028389
3094751
6305723
2202033
831577
24187
2509867
3002897
5613483
1549626
1547639
2855169
500222
8905433
855127
7128906
1080808
7343403
4170544
8750610
7107451
1730330
819131
7394621
9323709
4696689
4626717
229833
2090161
514081
6362061
6808308
6877945
7072009
7297913
9281256
855721
5967351
4686921
8458649
240443
4656225
5425501
6063529
2257147
6766865
6317866
7294133
7257656
7915463
6004691
6395577
8896011
3144411
4551581
2130963
2795313
6176081
7951245
8870317
654939
1774019
5829927
7180177
4029999
9863696
1539257
3870969
1944775
5869942
1986145
68851
2886106
778051
2873514
1243129
8734201
7520745
5665526
8244881
5397017
9966681
3300317
1162369
5542281
1404181
1200791
3900691
1583508
5277001
3998909
2565067
8994785
2869593
9067585
3257931
4761670
952145
9097889
27610
7042612
861133
8195909
1017205
1450236
1389121
3011682
2878789
4231903
1579897
8538990
3762592
3568758
7762788
5841151
4579790
6126079
6182509
8421284
4133801
4752611
5755485
5068208
7527201
9138189
9336205
544111
296671
4033521
161625
9428036
8688923
5078590
6656827
6332041
7077329
7166465
7995246
6832780
2295062
7055191
8632741
6257709
936564
6271921
9750841
8541301
9918670
2571921
5664509
9899397
3733281
8172658
6221533
1075945
2984931
9119042
6714941
4070343
997952
9501121
4031653
5542132
5460666
8862409
2571298
8156033
4577691
8394536
9804867
8309071
6512990
5166121
4999724
611286
6643561
8882361
853095
1667076
3243856
1035513
5264929
3725742
4448516
2180753
4538791
70271
9264001
9917185
6655985
2416553
6896621
4356000
5650834
2892529
4125887
3122201
6326432
9221966
1001445
2834293
7972314
3613077
3044876
6061094
7138711
8878939
2997050
8836137
6243701
5289771
7087425
5939161
9937249
3995071
3754183
1250558
2377614
4269359
6498381
2631644
6875271
7263649
4043377
571593
7269698
9083006
5056471
9676413
4541429
8914227
9645713
3080200
1079797
8502765
2507989
5259393
2685761
5263666
228011
335329
8296827
6873940
2554209
8043978
1571585
1244297
9718747
6919873
3547009
5599486
2026963
1229909
793653
4468785
287763
9313701
2816856
5866776
2852195
6024589
9793493
1900001
3134309
1569219
3220122
6101537
4237187
6416641
3022400
8794439
5837309
5197421
3579840
3470641
851242
8304954
7998451
1406251
6488465
3742492
2075941
8857421
1531793
1560341
3431951
2777479
356867
8006321
6865089
7307113
7365161
6364393
4332261
5591339
5542623
8195736
9626191
1929171
6679739
4962649
4703606
8328757
7496638
5553580
2785233
4677026
6986401
5596216
88191
8216857
2402561
3215981
4801683
9524679
1357801
9891931
7264947
3488395
7515101
8974957
2889431
3983505
1506388
2330351
7955903
133356
1965203
392707
6994614
2427403
5906626
9335076
7831201
7481641
9978827
7220323
391586
2060449
229457
4779521
5560921
1033963
7036425
6095091
1796420
3740301
7160638
7233201
2929041
5345931
2692317
9234981
8323379
4620611
8096815
4051765
1893045
791206
5718489
1293707
2811821
4107841
679481
936349
5429031
2962953
909278
1158339
2664647
8979893
5992494
9244221
7355201
7434917
9834593
6385391
6030641
2433821
7431321
7081357
2997645
3430198
5503001
2135813
42675
2928828
1210741
1425489
2603795
6036035
7861246
5474283
1485230
2184381
2574801
8185925
9225286
1478773
5570143
8853829
3249633
9566326
6437158
110061
2225875
5057745
7104033
2400375
6513927
4896399
7840525
7885266
9334151
7406133
4290411
2004633
889276
6654743
3176653
8846401
5715481
9506726
3672657
2411616
404393
9861857
1235825
7522289
2121577
4421057
7865223
4282439
3380062
608865
4419236
100971
7413278
7016441
1244549
9146596
5592059
2454853
2813663
3265801
5962601
4434805
8770846
3401753
2776736
1440361
5991126
4994871
3638875
7991543
427165
3290428
1000425
4243213
3929441
1178065
1916257
6572924
5751667
7410538
8330273
807863
5124641
6221940
1014719
2467307
4090729
3387928
9296001
7338959
1704268
2856824
2801961
1133425
254081
3736001
7608872
6436715
6833825
7111685
7521697
4607836
3890711
8795219
7399195
3323127
4492844
8386686
6522107
4563665
3911081
7682943
3260639
8818606
3401245
3892697
4729416
3069010
2458524
8026655
9929014
491096
8196529
2699973
1068891
9525895
4743996
9835293
2219801
8902496
1737087
935111
8061345
6210346
5955066
8426369
4454881
2822495
5575887
3530894
5610961
1783690
6887816
3357338
8105409
6721212
2619554
4263855
5635053
9588333
9078061
333269
8012686
7612308
6649846
8651649
2142957
5501751
7208983
9793985
3173347
7643361
8516804
4520628
1638143
3813451
711649
8732437
5324441
6446771
6403641
1432993
9615285
1255592
7119884
1370273
841738
8124097
103187
592453
3995485
3905784
8933113
8178791
1997096
8548338
8531219
7234699
6452819
8262456
7739981
2651289
5744766
4212095
8543001
7825461
6760837
