101
76 48 5
W 1 5 7
J 1 2 6
W 1 1 1
W 23 5 1
W 9 4 2
W 1 2 2
W 13 4 4
J 9 3 7
W 13 2 4
W 10 4 1
W 7 1 1
W 8 3 1
W 19 3 4
W 13 2 5
W 7 3 7
W 13 1 6
W 1 4 9
W 20 2 1
J 13 1 2
W 7 2 1
J 13 3 2
W 16 4 8
W 17 1 1
J 3 3 1
W 14 5 9
J 1 4 1
W 11 2 1
W 12 2 2
W 1 4 1
W 10 5 1
W 19 1 5
W 4 5 1
W 6 4 1
W 1 1 2
W 18 4 9
W 5 5 2
W 19 4 1
W 17 4 2
W 16 1 2
W 4 1 5
W 17 3 7
J 13 3 1
J 24 3 4
W 20 3 7
J 1 3 4
W 9 5 9
W 1 1 6
J 17 2 3
W 16 3 1
W 16 5 1
W 10 3 7
W 11 2 7
W 17 4 1
W 24 5 8
W 22 2 1
W 5 4 9
W 3 3 8
W 7 3 1
W 19 5 7
W 12 3 5
W 22 5 8
W 9 3 5
W 24 4 1
J 3 3 7
J 5 3 1
W 7 4 9
J 3 4 1
W 17 3 1
J 16 2 4
W 15 4 2
W 17 2 1
W 10 1 6
W 19 1 7
W 16 5 9
W 14 1 1
W 19 4 1
P 176 4 6
P 18 3 6
P 101 1 6
G 116 5 6
P 1 3 6
L 3 1 6
P 99 5 6
L 81 1 6
T 21 1 6
P 178 1 8
P 118 4 6
P 102 5 7
P 96 1 8
L 133 4 6
T 129 1 6
G 49 2 9
P 17 2 6
P 217 4 6
P 223 1 7
L 200 3 6
P 194 1 8
P 139 3 6
P 168 3 6
P 221 1 6
P 165 5 7
P 129 5 8
P 222 1 8
P 177 1 6
T 52 2 8
P 94 2 8
P 220 4 8
P 82 1 7
T 219 2 8
T 219 1 7
P 124 1 9
P 44 2 6
L 6 2 6
L 14 3 6
G 235 1 7
P 158 1 6
T 240 4 6
P 23 1 6
P 93 5 6
P 142 2 9
T 112 1 6
P 143 2 6
T 172 2 6
T 157 4 8
208 2
118 4
147 4
67 1
121 7
81 44 5
W 11 3 7
W 12 4 4
J 1 3 1
W 13 1 2
W 13 4 1
W 9 5 4
J 5 1 8
W 5 1 1
W 1 1 2
W 8 4 1
W 9 5 1
J 16 1 7
W 13 1 3
W 5 5 8
W 5 1 2
W 6 2 2
W 5 1 1
W 6 5 8
W 13 2 2
J 1 4 7
W 13 1 7
J 10 2 3
W 1 1 9
W 7 1 1
J 15 1 9
W 1 1 7
W 13 2 1
W 1 1 5
W 11 3 1
J 8 2 3
W 7 2 5
W 13 1 7
W 1 3 6
W 1 1 8
W 12 1 2
W 1 5 2
J 16 1 2
J 7 1 7
W 3 4 7
W 1 4 4
W 1 4 4
J 8 5 4
J 7 4 2
W 9 2 1
W 8 3 9
W 4 1 7
J 5 1 2
W 3 1 1
W 5 2 5
W 13 1 2
W 5 3 7
W 5 3 2
W 2 1 4
W 5 4 1
W 1 3 6
J 14 3 1
J 6 3 7
W 1 1 8
J 16 1 9
W 1 1 1
W 8 5 3
W 7 4 7
W 13 2 3
J 12 4 5
W 7 2 5
W 8 1 4
W 14 2 7
J 7 5 3
J 1 5 2
W 13 5 3
W 5 1 9
W 15 4 2
W 9 5 8
W 16 1 1
W 1 1 1
W 7 2 1
W 16 1 4
W 13 4 2
J 11 1 7
J 12 1 4
W 8 2 6
T 114 3 7
G 156 4 6
P 64 1 7
P 104 1 6
T 43 2 6
P 156 2 8
P 59 1 6
G 147 1 6
L 139 4 6
P 7 4 8
T 152 2 8
P 83 3 8
T 27 4 6
P 163 5 6
P 137 4 6
P 83 4 6
P 6 3 6
G 87 2 7
L 86 2 8
P 28 4 6
P 27 5 9
L 133 4 6
G 135 4 6
T 163 1 8
P 70 3 8
P 79 2 6
P 79 3 8
L 39 3 8
T 32 1 8
T 29 5 6
L 136 2 8
P 40 5 9
L 81 1 6
G 16 1 6
L 5 2 6
L 132 4 7
P 58 2 6
P 149 5 6
T 112 1 6
G 4 3 6
P 88 5 6
L 113 3 9
P 30 1 8
G 76 5 6
112 4
128 4
53 4
139 4
121 3
90 5 9
W 1 3 7
W 11 3 4
W 2 5 2
J 14 1 9
W 1 1 1
W 26 3 1
W 16 2 5
W 1 3 6
W 7 5 1
W 13 3 7
W 14 1 1
W 11 3 8
W 25 4 2
W 19 5 4
W 1 1 4
J 1 1 7
W 1 1 1
W 18 1 1
J 17 2 1
J 9 1 1
J 1 3 6
W 5 3 8
W 4 4 9
W 5 2 9
W 9 3 7
W 21 4 7
W 3 3 7
W 15 1 1
W 15 4 6
W 5 1 3
W 25 1 6
W 9 5 2
J 1 1 9
W 7 1 1
W 21 1 7
W 1 4 9
J 13 2 9
J 19 3 1
W 11 1 1
W 25 1 1
W 23 4 4
W 1 1 1
J 11 5 6
W 9 2 1
J 5 1 1
J 4 4 5
W 19 4 2
W 1 1 3
W 7 3 7
W 23 1 3
W 3 3 6
W 18 5 9
W 20 1 3
W 26 2 4
W 17 1 9
J 22 4 7
W 1 5 1
J 14 2 3
W 23 3 4
W 25 4 1
W 1 1 4
J 19 2 2
W 19 1 6
W 5 4 4
J 1 2 1
J 23 2 3
J 1 3 1
W 14 1 1
W 19 1 1
W 11 1 1
W 7 2 1
W 15 5 7
W 16 4 1
J 5 2 8
W 7 1 6
J 13 5 1
W 13 3 3
J 18 1 7
W 9 1 5
W 2 2 5
W 26 3 4
W 13 1 7
W 6 3 3
W 17 4 8
W 1 5 8
J 12 4 4
W 19 2 1
W 22 3 1
W 1 4 4
W 24 1 1
T 160 5 6
P 196 4 7
P 108 5 6
G 25 1 8
P 246 3 6
21 6
190 2
20 2
93 7
179 1
54 1
62 5
246 7
254 1
81 15 9
J 8 1 5
W 10 1 5
W 10 1 9
W 11 1 7
W 3 1 4
W 2 3 1
W 9 3 8
J 7 1 1
W 11 2 1
W 7 2 7
W 1 3 6
J 7 2 4
W 8 3 5
W 8 4 4
W 11 5 1
W 4 1 1
W 1 3 2
W 8 2 2
J 7 4 3
W 1 5 9
W 1 4 1
W 1 2 1
W 10 5 2
W 10 1 4
W 3 4 1
W 5 2 9
J 5 1 2
W 3 2 1
W 1 3 4
W 6 3 4
W 9 2 4
J 11 1 7
W 9 1 6
W 4 1 8
W 2 2 1
W 1 4 7
W 8 2 7
W 9 3 6
W 4 2 3
W 2 1 4
W 9 1 7
J 4 1 4
J 6 2 9
W 1 2 9
J 4 1 8
W 6 4 2
W 1 3 7
J 8 5 6
J 8 1 9
W 2 4 1
W 10 2 4
W 6 2 4
W 11 1 5
W 9 1 1
W 6 1 1
J 10 5 2
W 11 4 4
W 10 1 2
W 6 1 7
J 8 1 1
W 10 3 4
W 5 5 1
W 5 3 4
J 10 1 7
J 3 1 1
W 5 3 2
J 1 3 2
W 6 4 7
J 10 2 7
W 7 1 1
W 6 1 1
W 7 1 4
W 6 2 7
W 1 3 4
J 1 1 5
J 4 2 3
W 11 1 7
W 5 1 4
W 9 5 4
W 9 2 1
W 1 3 2
P 37 1 8
G 79 1 7
P 10 4 7
T 16 5 6
T 47 1 6
T 92 3 9
P 90 5 6
T 7 1 6
P 105 2 6
T 107 1 6
P 37 5 9
G 91 4 8
L 81 1 7
T 73 2 9
P 46 1 9
32 8
99 6
28 5
82 7
74 1
115 1
19 5
26 5
8 1
79 6 7
W 2 3 8
W 6 1 1
J 8 2 1
W 9 2 6
W 1 4 4
W 10 1 1
J 9 1 8
J 3 2 6
W 1 3 1
W 3 4 6
J 6 2 9
W 1 3 7
W 1 5 2
W 1 1 5
J 9 2 1
W 5 1 1
W 1 4 7
W 1 1 1
J 7 4 1
W 7 3 7
W 2 3 2
J 6 1 1
W 1 1 4
J 7 3 1
W 5 1 6
W 1 5 1
W 5 4 7
W 3 1 1
W 4 4 7
W 1 1 1
W 1 4 3
W 9 4 2
W 5 2 1
W 8 5 1
J 5 4 1
W 6 5 1
W 1 3 4
W 1 1 8
W 8 1 2
J 6 3 7
J 9 2 8
J 6 4 1
W 10 5 4
J 9 2 3
W 7 1 2
J 5 2 4
W 1 5 9
W 1 1 9
W 4 4 1
W 5 1 3
W 1 1 1
W 1 1 1
W 6 2 7
J 9 1 9
W 1 1 7
J 9 5 1
W 3 4 5
W 8 5 1
W 5 2 1
W 5 3 5
W 7 1 8
W 4 1 3
W 7 2 3
W 1 1 4
W 5 1 1
W 8 3 3
W 5 1 4
W 1 1 6
W 3 5 9
W 1 2 2
W 1 2 4
W 1 5 2
J 8 3 4
W 1 2 2
J 3 1 7
W 3 1 7
W 5 2 2
W 1 4 3
W 3 4 4
L 5 1 9
T 24 5 9
T 49 2 6
P 25 5 7
T 27 5 6
T 27 5 9
73 5
3 8
17 1
5 5
10 1
81 6
55 4
33 54 1
J 5 3 5
W 4 1 1
W 3 1 4
W 2 1 6
W 7 2 1
W 1 2 2
W 6 1 3
W 6 1 5
W 1 2 7
J 3 1 1
W 2 3 9
W 6 5 7
W 1 3 7
W 6 1 7
J 7 1 7
W 1 1 8
W 1 1 5
J 1 1 3
J 1 1 5
J 7 4 7
W 4 1 4
W 7 2 8
W 2 2 1
W 1 4 1
W 6 1 7
W 7 4 3
W 1 1 1
W 2 5 1
J 4 1 3
W 6 2 9
J 5 3 9
J 1 1 5
W 6 1 2
G 66 1 6
P 22 1 6
P 50 3 6
P 1 5 6
T 67 1 6
P 53 3 6
P 4 2 8
P 50 1 7
T 49 1 8
L 1 1 6
G 62 1 6
L 65 4 8
P 13 5 8
P 40 4 6
L 13 4 7
L 4 1 6
P 23 1 6
L 7 1 9
P 65 5 6
T 66 1 6
P 3 4 7
T 65 3 9
P 59 1 8
T 30 1 6
P 41 5 7
L 66 3 7
P 31 2 8
P 63 1 7
P 11 1 8
T 68 1 9
T 6 1 8
G 73 2 8
P 13 1 8
P 20 5 6
G 50 3 7
T 10 2 6
G 14 4 8
P 35 3 8
G 39 4 8
P 54 4 7
T 34 4 6
L 12 5 6
P 43 4 6
P 59 5 8
G 39 4 6
T 51 5 6
T 58 1 6
G 19 1 8
L 66 3 9
P 11 2 9
G 60 1 9
P 38 3 6
T 26 1 7
T 18 4 6
1 1
69 47 1
W 23 2 4
J 25 1 4
W 11 2 5
W 5 2 3
J 15 1 5
W 25 4 9
W 24 1 1
J 1 1 1
J 5 3 4
W 15 3 4
W 17 5 9
W 20 3 5
J 13 1 1
W 1 1 7
W 22 1 4
W 22 4 4
W 27 4 7
W 21 3 2
W 7 3 1
J 27 1 9
W 9 1 8
J 14 1 7
W 15 1 5
W 15 2 4
W 22 4 2
J 15 4 7
J 2 3 4
J 6 1 4
W 10 5 2
W 10 1 4
W 9 1 1
W 11 4 3
J 1 3 7
J 1 5 9
W 15 1 9
J 27 1 2
W 18 4 4
W 2 1 1
W 21 4 7
W 1 1 9
W 7 1 7
W 17 1 2
W 21 5 9
W 27 1 1
W 1 1 6
W 3 2 1
J 9 1 3
J 22 3 3
W 4 1 1
W 9 1 1
W 5 1 8
J 1 5 4
J 12 3 2
W 1 1 4
W 25 1 7
W 9 1 4
W 25 1 1
W 5 1 5
J 5 2 2
W 13 5 1
W 21 1 7
W 8 1 1
J 3 3 4
J 1 2 6
W 10 1 4
W 1 1 1
W 25 5 1
J 28 1 4
W 21 5 8
T 23 3 8
G 27 2 9
T 266 1 7
P 120 1 8
P 136 1 6
T 202 1 7
G 234 5 6
G 164 5 6
P 130 2 6
T 267 5 6
L 124 4 8
G 255 1 6
G 255 1 6
P 110 2 6
P 203 4 8
T 141 1 6
P 265 1 8
P 257 2 8
T 260 1 6
G 18 4 8
T 262 2 6
L 1 1 8
P 28 5 8
L 217 3 7
G 134 4 6
P 43 3 6
L 112 3 7
T 35 4 6
L 35 4 8
P 221 4 8
P 160 4 6
P 280 2 7
P 138 3 8
T 29 2 8
T 261 1 7
P 250 1 6
P 56 5 8
P 274 4 7
T 269 5 6
T 133 3 9
T 250 5 6
P 67 3 7
P 210 1 9
G 50 5 8
T 67 3 7
P 266 5 6
L 210 5 9
174 1
92 5 7
W 15 1 3
W 12 3 9
W 1 1 3
W 13 2 4
J 19 2 1
W 11 1 7
W 1 1 6
W 10 1 3
W 2 1 1
W 7 1 7
W 9 4 2
W 10 5 1
J 16 3 4
W 11 4 1
W 6 1 2
W 1 4 3
W 5 1 1
W 4 5 1
J 8 1 3
W 10 1 1
J 17 4 1
W 9 3 1
W 6 3 8
W 1 1 6
W 13 5 1
W 12 1 2
W 5 5 6
J 6 1 1
W 9 1 1
J 6 4 5
W 15 1 7
W 3 3 6
W 18 4 6
W 16 5 5
W 1 2 2
W 3 1 2
J 1 5 4
J 1 1 6
W 4 2 9
J 3 3 4
W 17 3 6
J 9 4 3
W 14 4 2
J 17 5 3
W 17 5 3
W 17 1 9
W 13 5 3
W 17 5 2
J 18 3 2
W 17 2 3
W 16 5 8
W 19 1 7
J 1 1 4
W 10 1 1
W 3 1 1
W 6 3 4
J 11 4 5
W 16 1 7
J 4 1 4
J 6 3 5
J 10 4 9
W 9 4 1
W 2 1 2
W 16 5 6
W 6 5 4
J 12 2 1
J 4 5 6
W 9 5 2
W 4 4 4
W 8 1 9
W 17 1 9
W 4 3 7
J 2 2 2
W 8 1 4
W 6 3 9
W 13 4 7
W 3 1 6
W 2 1 7
W 6 4 5
W 2 1 1
W 5 1 4
W 17 1 7
W 12 2 7
J 7 4 4
W 1 2 2
J 7 5 9
W 15 4 1
W 18 1 2
W 15 5 4
J 18 1 8
W 6 4 1
J 14 1 5
P 190 1 6
P 108 1 7
P 61 1 6
G 191 5 7
P 151 5 6
172 8
172 1
1 9
161 7
27 5
1 8
10 4
86 36 1
W 24 1 7
W 10 4 2
W 1 2 7
W 17 4 4
W 6 2 7
W 9 3 7
W 25 5 2
W 1 1 1
W 9 1 1
W 9 1 1
J 8 1 8
W 1 2 4
J 25 1 2
W 15 4 9
W 22 4 7
W 19 3 3
J 5 2 6
W 15 1 7
W 10 4 3
W 10 1 1
J 25 1 9
W 19 2 1
W 22 1 1
W 11 4 1
J 10 1 7
J 19 5 2
W 23 5 4
W 1 1 6
J 9 2 7
W 18 4 4
J 25 4 4
J 26 1 1
W 25 5 4
W 6 1 4
W 24 1 2
W 26 3 4
W 6 2 9
W 7 2 2
W 25 1 4
W 21 3 6
W 4 2 1
J 19 5 4
J 25 2 5
W 24 4 1
W 10 2 1
W 10 1 2
W 12 4 4
W 22 1 9
W 10 3 8
W 25 3 5
W 27 2 3
W 13 2 1
W 21 4 6
W 20 1 1
J 10 2 1
W 10 1 1
W 1 4 1
W 19 1 1
W 5 1 8
W 1 1 8
W 26 1 7
W 3 1 8
W 13 5 4
J 19 1 5
W 1 5 4
W 5 2 5
W 23 4 4
J 20 1 5
W 20 1 7
J 22 2 5
W 1 2 9
W 23 1 4
W 14 1 1
W 19 3 6
W 16 1 1
W 27 2 9
W 8 1 6
W 17 2 1
W 17 3 8
W 19 5 8
W 1 1 1
W 1 5 7
W 1 4 4
J 11 1 5
W 4 4 4
W 27 3 1
L 124 1 9
T 259 2 8
P 28 5 9
G 195 4 6
P 125 5 6
P 98 2 7
P 271 5 6
P 22 4 8
T 139 1 6
L 168 2 7
P 76 4 6
P 132 4 6
P 4 3 6
L 142 4 6
P 32 5 7
T 106 4 6
T 64 2 6
P 202 4 6
P 82 5 6
T 127 2 7
T 91 3 6
G 243 1 6
T 250 1 6
T 1 5 6
G 94 5 8
T 20 4 7
P 278 1 7
G 104 3 6
T 1 1 6
T 2 4 8
P 60 4 9
P 196 3 8
P 85 1 6
P 193 2 8
P 25 2 8
P 184 5 6
259 2
49 22 1
W 19 4 9
J 16 2 1
W 10 1 1
W 4 4 5
J 17 4 1
J 12 4 7
W 16 3 4
J 1 3 1
W 10 1 7
J 4 5 3
J 4 4 6
W 1 1 1
W 7 1 1
W 16 3 1
W 1 1 8
W 19 1 9
W 5 1 1
J 11 2 1
J 1 3 3
J 18 3 6
W 11 4 1
J 1 1 1
W 7 1 9
W 4 4 2
J 19 1 4
W 7 1 6
W 19 1 7
J 4 1 4
W 1 1 2
W 4 3 1
W 15 2 7
J 19 1 4
W 1 1 1
W 6 1 8
W 19 1 1
W 11 2 5
W 5 1 7
W 9 4 1
W 8 1 4
W 6 1 2
J 8 5 9
W 20 4 4
J 2 1 1
J 1 1 1
W 8 1 8
W 16 3 4
W 21 2 1
W 13 4 1
J 13 1 2
P 36 3 6
P 132 3 9
P 195 1 6
G 74 3 6
L 130 1 8
P 162 5 8
T 182 3 6
P 176 3 6
P 50 3 6
P 117 4 8
T 170 3 6
P 83 4 6
P 65 4 8
L 207 1 9
P 187 5 6
P 99 1 6
L 194 3 6
L 80 1 6
T 37 4 6
G 130 1 6
T 78 5 8
G 48 5 8
139 1
73 22 1
W 5 2 7
W 4 3 5
W 5 2 3
W 5 5 2
W 5 3 9
J 9 1 3
J 4 3 4
W 1 2 7
W 9 1 1
J 5 3 8
W 3 5 3
W 1 3 1
J 1 3 5
W 1 4 7
J 10 5 1
J 7 1 4
W 9 2 7
J 11 5 3
W 4 1 3
W 7 3 6
W 1 1 1
W 1 4 7
W 1 3 8
W 4 2 1
W 3 3 1
W 1 1 7
W 7 3 1
J 1 3 1
W 5 4 8
J 11 1 5
W 7 5 9
J 7 3 6
J 1 5 7
W 9 1 1
W 3 1 1
W 1 1 5
J 5 2 1
W 5 4 5
W 1 1 9
J 5 1 1
J 7 3 6
W 5 1 1
W 3 1 6
W 4 5 2
W 7 1 1
W 9 3 9
W 7 3 6
W 5 4 5
W 1 3 2
W 4 1 2
W 5 1 1
W 1 4 8
W 1 1 8
W 1 1 4
W 1 2 9
W 1 1 4
J 7 5 7
W 8 4 8
W 5 2 1
J 10 5 2
W 9 4 8
W 7 1 9
J 2 3 1
W 1 5 1
W 1 4 8
W 11 5 2
W 7 1 1
W 1 3 1
J 8 1 7
W 7 5 8
W 2 3 5
W 10 4 4
W 11 1 8
P 12 1 6
G 72 4 6
P 51 5 8
T 73 4 9
T 34 5 6
G 80 3 8
P 1 1 8
P 78 1 9
P 45 2 8
T 71 1 6
P 68 3 8
P 109 4 9
L 11 1 9
L 3 1 6
P 4 3 8
P 35 2 7
T 49 2 6
T 99 1 7
L 76 1 6
P 32 4 6
T 56 1 9
P 89 3 8
6 6
37 5 1
W 2 1 7
W 2 5 4
W 1 4 2
J 1 2 9
W 1 4 4
J 1 3 9
J 1 1 1
W 2 1 1
W 1 4 1
W 2 3 6
J 1 4 4
W 2 1 7
W 1 1 4
J 1 1 1
W 1 1 1
J 1 1 4
W 1 4 7
W 1 1 1
W 1 3 5
W 1 1 2
W 1 1 5
W 1 1 6
W 1 3 1
J 1 1 1
W 1 1 7
W 1 4 3
W 1 1 7
J 2 3 2
J 2 1 7
W 1 1 5
W 2 4 8
J 1 3 9
W 2 1 1
W 1 5 1
J 1 3 1
W 2 4 2
J 2 1 5
P 17 2 9
P 5 2 6
P 1 5 9
G 4 5 6
P 4 3 9
1 9
87 51 7
W 5 2 8
W 3 4 8
W 5 2 2
J 5 1 1
J 3 4 3
W 3 1 7
W 5 4 3
W 1 1 9
J 5 1 2
J 1 2 7
J 2 1 8
W 1 4 7
W 3 1 7
J 5 4 2
W 4 2 4
J 5 1 7
W 1 1 8
W 1 3 1
W 1 3 7
J 1 1 9
J 1 1 7
W 3 3 1
W 5 2 5
W 5 4 7
J 1 4 1
W 1 5 3
W 1 1 8
J 1 1 7
W 1 5 4
W 1 1 7
W 1 2 1
W 2 5 7
J 1 4 4
J 5 1 6
W 4 1 9
W 1 4 1
J 3 4 3
W 1 1 9
J 1 5 9
W 4 3 1
W 3 1 1
W 1 1 4
W 5 1 7
W 1 1 2
W 5 4 1
W 3 1 4
W 5 3 9
J 4 4 4
W 1 3 4
W 2 1 1
J 5 1 1
W 1 5 8
J 1 1 5
W 2 1 2
J 5 2 1
W 1 2 1
W 4 4 1
W 1 1 4
W 3 5 7
W 5 5 4
W 3 5 3
W 3 5 1
W 1 4 5
W 3 1 3
W 4 1 1
W 5 2 9
J 1 1 1
W 3 1 1
W 1 1 4
J 1 3 3
J 3 4 1
W 4 2 1
J 3 1 7
W 3 1 1
W 1 2 6
W 4 5 7
W 3 3 3
W 2 3 5
W 1 1 1
J 3 4 1
W 4 2 7
J 4 5 7
W 1 5 1
W 1 1 8
W 5 1 9
J 5 1 1
J 3 1 8
T 19 4 8
G 35 4 6
P 22 2 6
P 46 4 6
P 45 1 8
T 17 1 6
T 46 4 6
T 24 2 6
T 5 3 6
P 57 1 8
P 19 1 9
P 37 1 6
T 37 1 6
P 46 3 6
P 47 2 6
T 1 5 6
T 48 4 8
G 3 3 6
T 9 1 8
T 58 1 6
T 8 3 6
P 34 4 8
L 23 3 6
P 48 3 6
L 63 1 6
T 12 1 8
P 1 4 6
P 47 1 6
G 39 5 6
P 11 4 9
P 20 2 6
P 57 2 7
T 10 2 6
P 1 5 9
G 7 2 8
P 60 5 8
L 18 3 8
T 12 1 6
G 5 5 8
G 8 1 6
P 55 3 9
P 27 3 8
P 3 5 8
T 15 1 8
P 67 5 6
G 24 1 8
L 52 1 8
G 15 3 6
T 18 1 6
P 14 4 9
P 44 1 9
24 5
5 9
47 7
10 6
17 1
49 8
54 6
73 11 6
W 1 1 1
W 5 3 8
J 9 2 4
W 5 2 1
W 27 1 8
J 22 5 5
W 11 5 1
W 21 3 5
W 28 1 9
J 9 2 5
W 8 1 1
J 1 4 4
W 3 5 4
W 1 2 6
J 15 1 4
W 17 2 2
W 8 1 1
W 10 4 1
W 22 3 7
J 13 5 9
J 22 5 8
W 8 3 7
W 13 3 7
W 22 5 1
W 14 1 8
W 17 1 7
W 20 1 9
W 8 5 2
W 10 1 6
W 27 5 4
W 1 1 1
J 25 4 4
W 5 5 2
W 8 1 5
W 1 3 1
W 21 5 9
W 25 5 9
W 17 5 5
W 15 3 2
W 21 1 1
J 1 1 9
W 2 3 1
W 21 5 9
J 9 1 7
W 15 2 9
J 19 1 2
W 20 4 3
J 16 3 8
W 12 2 1
W 25 1 9
W 21 1 6
W 19 1 8
W 24 4 4
W 11 3 9
J 20 3 7
W 13 1 7
W 1 2 1
W 1 1 1
W 1 1 5
W 17 4 4
W 9 4 8
W 27 1 7
J 1 4 4
W 21 2 7
W 13 2 9
J 27 3 6
W 5 3 1
W 1 5 4
W 17 3 5
W 1 1 1
W 1 2 4
W 8 1 7
W 12 1 1
L 224 1 8
P 192 1 8
P 265 5 6
P 188 1 6
P 30 3 6
P 180 2 6
P 98 5 6
P 17 1 7
P 140 4 6
T 271 5 6
P 246 5 9
6 3
277 7
111 7
37 7
52 4
73 4
24 15 1
J 6 3 2
J 1 1 9
W 10 2 3
W 6 2 4
W 2 5 7
W 2 1 1
J 6 5 7
W 4 1 7
J 3 2 1
W 3 1 1
W 10 1 8
W 7 3 4
W 4 4 2
W 10 5 6
W 1 1 5
W 4 2 4
J 7 1 5
W 5 2 5
J 9 1 7
W 4 1 8
W 8 5 4
W 4 5 8
W 5 5 1
W 11 2 7
T 36 5 8
G 34 2 7
P 25 2 8
P 65 1 9
P 111 4 6
T 85 1 8
P 49 4 8
P 113 2 8
T 21 2 7
L 90 3 6
G 25 5 9
T 47 5 8
T 71 1 6
P 88 4 9
P 31 5 6
54 1
82 9 5
J 3 1 5
W 5 4 1
W 10 5 8
W 13 5 1
J 1 1 4
W 1 1 8
J 6 2 3
W 7 3 5
W 8 1 4
W 2 1 4
W 7 2 5
W 6 4 1
J 3 1 1
W 11 5 3
W 9 3 8
J 4 2 8
W 1 4 1
W 2 4 6
J 8 4 3
W 7 3 4
W 13 5 5
W 11 5 3
W 10 2 9
W 7 3 4
W 8 3 4
W 5 5 6
W 1 1 5
W 6 1 8
W 5 4 1
W 3 1 2
W 1 3 7
W 6 4 5
J 12 5 2
W 1 4 7
W 3 5 4
W 11 1 6
W 13 3 2
W 5 1 1
W 6 1 1
W 7 2 9
W 2 4 1
W 1 2 3
W 1 2 5
W 7 1 4
W 8 3 4
J 1 3 4
J 2 3 7
W 8 1 7
W 1 2 1
W 12 3 1
W 10 4 6
W 9 2 9
W 12 4 9
W 10 5 1
J 11 3 1
W 10 2 1
W 6 1 7
W 1 3 5
W 6 5 4
J 9 4 7
W 5 1 4
W 3 2 6
W 5 3 7
J 9 1 1
J 11 1 1
J 3 1 4
J 4 1 1
J 3 1 8
W 1 1 7
W 1 5 1
J 4 1 1
W 8 1 4
W 8 4 1
W 11 1 4
W 1 3 7
J 10 3 4
W 10 4 1
W 7 4 6
W 1 1 2
W 3 1 1
W 11 3 1
W 9 4 1
T 113 3 8
T 89 4 9
T 134 5 8
T 111 1 6
T 73 4 6
P 7 1 8
T 35 2 7
P 130 5 6
P 111 5 9
46 1
125 6
19 8
121 5
73 1
66 49 6
W 1 5 8
W 11 3 5
W 10 1 1
W 5 1 7
W 15 1 2
W 3 1 1
W 8 2 5
J 5 1 1
W 8 5 1
W 1 4 1
W 8 5 4
W 6 1 8
J 3 5 9
J 2 1 1
W 17 4 8
J 4 5 8
W 13 3 8
W 1 4 2
W 7 3 5
W 13 2 8
W 2 3 8
W 13 5 5
W 5 1 2
W 3 4 1
W 10 1 7
W 1 2 3
W 15 1 3
W 8 1 6
W 17 1 1
W 1 5 7
W 7 1 8
W 18 1 1
J 7 1 7
J 1 1 7
J 1 5 9
W 10 2 3
W 1 3 1
W 11 1 1
W 1 5 7
W 9 4 9
W 9 4 7
J 2 1 1
J 5 4 4
W 3 3 5
J 16 2 8
J 15 1 1
J 1 5 4
W 11 1 7
J 7 5 6
W 7 3 5
W 13 2 1
W 17 1 3
W 10 5 9
W 7 1 2
W 3 2 4
W 1 5 7
W 1 5 4
W 8 5 5
J 7 1 8
J 1 3 4
W 14 2 8
W 11 2 4
J 13 3 4
J 1 1 2
W 9 1 1
J 13 4 1
T 147 4 9
P 173 5 8
T 118 2 6
P 183 2 6
T 127 5 6
P 133 5 7
T 165 2 8
T 131 1 6
T 1 1 8
P 136 3 6
P 64 2 6
P 105 2 6
L 183 1 6
P 127 3 9
T 36 1 8
G 1 4 8
G 104 5 6
P 1 1 8
G 155 3 7
T 56 5 6
P 85 3 7
P 52 1 6
P 142 1 9
L 89 4 9
L 71 4 7
P 68 1 8
T 33 1 6
L 43 3 9
L 114 5 8
G 183 2 6
T 78 5 6
T 71 2 8
P 127 3 6
P 36 4 6
P 131 1 6
P 145 1 8
P 7 1 6
T 147 3 7
P 67 5 7
P 172 2 6
P 91 1 6
G 120 1 9
P 118 4 7
P 133 1 6
P 99 5 6
T 188 1 6
T 91 1 9
T 172 1 8
P 1 5 7
51 7
9 5
96 7
183 1
22 7
79 1
81 15 8
J 4 4 4
W 10 1 6
W 5 5 9
W 1 1 1
J 5 1 1
W 9 4 4
J 8 1 4
W 1 5 1
W 5 1 1
W 10 5 4
J 7 3 2
W 11 3 4
W 12 4 5
J 7 5 9
J 7 1 4
W 4 5 6
W 3 2 2
W 1 5 5
W 9 1 8
J 4 1 9
W 11 3 9
W 3 1 5
W 9 2 5
W 1 1 8
W 1 1 7
W 8 1 5
J 1 5 8
J 11 3 6
W 6 3 1
W 1 5 3
W 10 3 4
J 10 2 8
W 7 1 2
J 9 4 1
W 1 1 1
J 4 4 1
W 11 5 7
J 4 2 7
W 9 2 6
W 1 1 5
W 1 1 9
W 11 1 1
W 7 2 1
W 1 4 3
W 3 3 1
W 6 2 1
W 5 4 1
W 1 1 1
J 3 1 4
W 4 1 7
W 7 3 1
W 1 4 5
J 1 1 1
J 1 2 6
W 5 5 4
J 1 5 7
W 6 2 1
W 9 3 4
J 9 3 7
W 2 1 1
W 4 1 7
W 7 1 5
W 9 1 2
W 4 5 1
W 1 4 4
J 4 2 9
W 3 2 4
J 9 4 5
J 7 4 4
J 9 1 1
W 1 3 4
W 1 1 5
W 11 1 1
W 9 1 7
W 9 3 5
W 7 1 4
W 1 1 8
W 6 2 7
J 1 1 4
W 1 4 4
W 10 4 1
G 28 3 8
P 7 2 7
P 23 5 9
P 37 1 6
T 50 3 6
P 107 1 9
P 33 5 6
G 47 1 9
T 1 1 7
T 58 2 6
T 91 5 6
G 45 1 7
P 44 4 6
P 63 5 6
T 17 3 8
39 8
89 4
44 6
41 8
91 5
1 9
1 2
24 7
89 5 1
W 1 5 7
W 1 2 5
W 1 1 1
J 1 5 7
W 1 4 1
J 1 2 6
J 1 1 3
W 1 1 4
W 1 3 3
W 1 1 9
W 1 3 8
W 1 1 1
W 1 3 4
J 1 3 9
W 1 1 3
W 1 4 7
J 1 4 9
J 1 4 7
W 1 5 1
J 1 1 5
J 1 1 8
J 1 3 7
W 1 2 1
J 1 1 4
J 1 3 9
W 1 3 7
W 1 5 1
W 1 3 1
J 1 4 3
W 1 1 1
J 1 2 1
W 1 3 9
W 1 4 7
W 1 1 7
W 1 5 7
W 1 4 7
W 1 1 5
W 1 4 6
W 1 3 4
W 1 5 9
J 1 5 6
W 1 5 2
W 1 4 2
J 1 5 6
W 1 3 1
W 1 1 2
W 1 3 7
W 1 5 7
J 1 4 3
J 1 1 1
W 1 1 8
W 1 2 4
W 1 5 9
J 1 1 2
J 1 4 1
W 1 4 1
W 1 4 4
J 1 2 4
W 1 1 1
W 1 4 7
J 1 1 9
J 1 2 8
W 1 1 7
W 1 1 1
W 1 3 1
W 1 2 1
W 1 1 2
J 1 1 7
J 1 2 1
W 1 3 7
J 1 3 9
W 1 5 7
W 1 4 6
J 1 3 7
W 1 1 5
J 1 1 8
W 1 2 5
J 1 1 9
W 1 5 4
W 1 3 8
W 1 3 7
W 1 4 4
W 1 2 7
W 1 1 4
J 1 2 8
W 1 1 5
W 1 1 4
W 1 4 6
W 1 5 1
T 16 3 7
G 2 1 6
T 9 4 6
T 11 1 8
T 7 1 7
1 4
91 30 5
J 3 1 6
W 4 5 4
W 2 1 9
W 1 5 4
W 1 5 1
W 3 3 8
J 1 3 7
J 2 1 5
W 3 4 1
W 1 4 2
W 2 1 1
W 3 5 1
W 2 4 8
W 4 1 1
W 1 2 6
W 1 1 9
J 3 3 7
W 1 5 5
W 1 1 1
J 1 5 1
W 1 1 2
W 3 5 7
W 2 2 4
W 3 1 1
W 3 2 2
W 3 2 5
W 1 5 1
W 1 4 3
W 1 3 1
W 4 1 5
W 1 1 4
J 3 1 3
J 1 5 6
W 1 2 1
W 1 3 7
W 1 1 2
W 3 4 9
W 1 4 7
J 1 5 2
W 1 1 2
W 2 1 4
J 1 1 1
W 4 3 9
W 1 4 1
W 3 1 5
W 2 5 1
W 1 1 5
W 4 4 1
W 3 3 7
J 1 2 6
W 4 5 3
W 1 4 2
W 2 4 8
W 1 5 9
W 4 1 1
J 1 1 5
W 1 1 7
J 4 1 5
W 2 3 2
W 1 5 1
W 3 2 1
W 1 3 1
W 1 2 1
W 1 4 7
W 1 4 9
W 1 5 1
W 1 5 7
W 3 4 3
W 2 1 1
W 3 5 2
J 2 5 4
W 1 1 6
W 2 4 3
W 3 2 8
J 3 5 8
W 3 1 8
W 1 3 7
W 3 2 1
W 1 2 4
W 3 5 8
W 1 1 7
J 1 1 6
J 1 1 6
W 3 4 1
W 3 4 8
W 1 1 5
W 1 2 7
W 3 5 1
W 1 1 5
W 2 3 3
W 3 2 1
P 23 4 9
P 32 4 9
T 27 2 6
T 15 1 8
L 14 5 8
G 36 1 6
P 37 1 7
P 1 4 6
P 23 3 8
L 9 4 7
T 33 1 8
L 7 3 6
P 15 1 6
P 10 2 7
P 17 1 9
L 2 4 9
P 17 3 8
L 38 4 6
T 9 5 6
P 17 1 8
P 33 1 6
T 1 4 8
T 40 5 6
G 1 3 7
P 19 2 8
T 40 2 6
G 22 1 6
P 15 3 8
P 27 5 6
G 1 3 6
25 9
15 8
27 3
7 7
35 1
19 47 1
W 1 4 7
W 4 1 4
J 4 2 7
J 1 3 5
W 5 2 1
J 9 4 9
J 10 4 7
J 6 4 6
J 11 5 1
W 1 3 7
J 6 4 1
W 1 2 3
W 5 1 1
J 1 1 5
W 10 5 3
J 4 3 8
J 4 4 2
J 6 1 7
W 2 5 1
P 44 4 8
G 51 1 7
T 57 1 8
T 109 3 6
P 85 3 6
G 88 5 6
P 85 5 8
P 26 3 6
L 45 4 6
P 49 2 8
P 63 4 8
G 99 4 7
P 73 2 9
T 13 1 6
T 33 3 7
T 74 5 6
P 76 1 6
P 29 4 9
P 17 5 6
P 41 3 8
T 33 4 6
P 21 1 8
P 71 2 9
T 43 1 6
L 20 2 9
P 103 5 6
T 73 5 6
L 81 2 8
P 98 1 6
L 96 3 6
P 45 4 6
P 21 5 6
L 21 1 8
P 85 1 6
T 81 1 7
G 25 5 7
P 45 4 6
P 59 1 6
T 15 4 6
G 79 3 7
L 47 5 8
T 51 5 9
P 97 1 8
P 33 4 6
P 27 1 9
T 61 5 9
L 95 1 9
106 3
45 49 4
W 9 5 3
J 1 4 9
W 2 1 4
J 7 4 5
W 7 3 1
W 8 3 8
J 4 5 7
W 1 4 4
W 9 5 7
W 9 4 4
W 10 5 9
J 7 5 6
W 1 1 3
J 10 5 4
W 9 3 4
W 5 2 2
J 11 2 1
J 5 4 9
J 7 1 9
W 7 4 8
J 10 4 2
W 1 2 4
W 5 1 2
J 1 4 7
J 4 1 9
W 9 5 6
W 5 3 3
W 4 2 3
W 7 5 4
W 3 1 7
W 10 2 8
W 2 1 1
W 1 1 7
W 12 4 1
J 5 1 4
W 8 5 1
W 6 3 4
W 11 1 2
J 9 2 8
W 9 5 4
J 1 3 8
W 4 1 9
J 8 1 9
W 5 4 5
W 1 4 3
G 54 2 6
P 71 3 8
T 61 2 6
P 18 4 8
G 31 2 7
G 78 2 8
G 111 1 6
P 107 1 9
P 100 1 8
T 25 5 8
T 5 3 7
P 113 1 6
P 5 3 8
P 96 2 6
P 99 4 8
L 21 1 6
T 111 1 6
P 105 1 6
P 97 4 6
L 24 4 6
T 9 3 8
T 34 4 8
L 41 4 8
P 78 3 7
T 19 4 8
L 78 5 9
P 15 1 8
P 17 4 9
L 69 1 6
P 106 1 8
T 39 1 6
T 109 5 6
T 1 5 6
P 29 1 8
P 33 5 7
L 47 1 8
T 1 1 8
P 102 5 6
P 114 4 6
P 5 4 7
G 45 5 6
P 67 3 6
T 101 2 6
T 108 5 7
G 31 1 6
P 78 2 6
T 12 4 6
P 100 1 6
G 23 1 7
20 1
63 4
60 9
37 8
63 9 8
W 6 4 1
W 2 2 1
W 1 4 7
W 5 1 1
W 1 2 4
J 10 3 1
W 4 2 4
W 15 3 3
W 11 3 1
W 13 1 1
W 1 1 1
W 7 4 1
J 1 1 8
W 13 1 1
W 1 4 1
W 7 5 7
W 4 5 8
W 13 1 9
W 4 3 5
W 15 1 1
W 6 1 1
W 5 5 2
W 11 1 6
W 10 4 4
W 5 2 5
W 2 3 1
J 11 5 9
W 8 1 4
J 10 5 5
W 5 4 4
W 6 1 3
W 13 1 3
J 14 3 2
W 13 3 1
W 12 4 1
W 5 2 4
J 4 1 1
J 14 5 1
W 14 2 7
W 7 3 8
J 6 4 6
W 13 1 5
J 1 1 7
W 10 4 8
J 1 4 1
W 11 5 7
J 7 4 4
W 11 5 1
W 3 1 4
J 1 2 6
W 10 2 2
W 7 2 1
W 14 3 9
W 1 3 8
W 15 2 1
W 15 5 7
W 13 2 4
W 14 2 9
J 13 5 1
W 13 1 8
W 7 5 4
W 5 1 1
W 4 5 2
G 1 3 9
L 33 1 6
L 112 1 9
T 91 2 9
L 53 3 6
P 129 5 8
L 104 5 9
L 68 1 8
P 2 4 6
143 7
107 4
91 8
151 9
116 6
66 1
14 9
32 5
38 17 7
W 11 2 1
J 3 1 1
W 9 1 5
W 1 1 1
J 17 1 1
J 16 1 8
J 16 2 9
W 13 3 9
W 13 1 6
W 10 1 7
W 1 1 1
W 1 5 9
W 7 4 1
W 10 5 7
W 3 2 1
J 8 2 1
J 16 2 7
W 8 1 9
W 17 3 4
J 3 4 7
W 10 5 1
J 15 5 1
W 4 3 7
W 13 2 1
J 9 1 8
J 17 1 1
W 14 1 3
W 3 4 1
W 13 2 1
W 14 5 8
W 15 2 4
W 3 4 4
W 15 5 1
W 3 4 8
W 6 4 1
W 1 1 4
W 3 1 1
W 1 1 4
P 148 1 9
P 23 1 8
P 101 5 6
P 15 4 8
L 36 1 6
P 15 1 9
T 179 1 6
T 114 3 6
G 79 2 9
L 1 1 6
P 46 4 7
T 48 3 9
P 5 1 6
P 141 4 6
P 161 1 8
T 4 3 6
T 153 5 8
29 4
111 1
78 4
69 5
179 8
13 1
132 1
1 45 9
W 6 2 9
T 27 1 9
G 79 1 9
T 35 1 8
P 58 1 9
P 30 1 7
P 79 1 6
P 41 3 7
P 50 2 6
L 72 5 9
P 87 4 6
P 32 5 9
P 79 1 6
L 52 1 6
P 76 4 6
P 38 1 7
L 88 3 7
P 56 1 8
P 54 3 9
P 52 2 8
G 39 4 6
P 1 5 6
P 60 1 8
G 67 1 9
L 46 1 8
L 24 1 6
P 18 4 6
G 23 4 6
G 20 2 9
T 43 4 8
G 6 1 6
P 85 2 8
G 54 4 6
P 46 4 8
T 50 1 9
P 40 1 8
P 48 1 7
T 53 1 8
T 63 3 9
P 40 1 6
P 79 4 6
L 89 4 8
G 79 3 8
L 91 2 6
P 20 4 6
P 53 4 6
75 1
40 7
14 1
86 2
36 1
79 1
14 7
87 6
78 4
41 53 9
J 1 1 4
W 1 1 4
W 1 4 6
W 1 1 1
W 4 1 6
J 3 2 9
J 1 5 4
W 7 5 1
J 1 4 1
J 5 5 6
W 1 4 3
J 4 1 2
W 2 1 2
J 3 2 8
W 5 3 1
W 2 4 5
W 1 1 4
J 6 1 6
W 1 5 7
W 2 1 4
W 7 4 1
J 6 1 6
W 6 1 1
W 3 3 6
W 1 2 8
W 6 5 1
W 4 1 3
W 6 4 1
W 7 4 1
W 1 1 1
J 2 3 3
J 1 4 4
W 1 1 1
J 5 3 7
J 4 2 4
J 3 4 4
W 1 3 2
W 7 4 5
W 2 3 4
W 3 1 1
W 1 2 1
L 9 1 6
L 6 3 6
T 1 1 6
P 40 2 6
P 36 3 6
T 65 1 6
P 76 2 6
T 6 1 7
P 67 5 9
G 30 5 6
L 48 4 6
T 3 2 8
P 74 4 7
T 24 1 8
T 4 1 6
P 41 1 6
P 48 3 6
P 41 2 7
P 48 4 6
P 47 1 8
P 61 1 8
P 24 3 6
P 40 1 6
P 52 5 8
P 59 2 7
G 59 4 8
P 79 4 6
T 12 4 8
P 66 1 6
P 32 1 6
P 70 1 6
P 77 1 6
L 50 5 6
P 1 5 8
T 53 4 7
L 20 5 6
P 52 1 6
P 8 4 8
P 26 3 8
P 71 4 6
L 4 1 6
L 3 2 8
P 67 5 8
L 57 1 6
P 78 3 6
T 4 1 9
T 16 5 9
P 49 1 6
T 64 2 6
G 44 1 8
P 70 3 8
G 44 2 6
P 52 1 6
60 7
38 7
54 6
16 4
48 7
53 6
1 5
37 1
42 1
21 21 9
W 1 1 5
W 13 3 1
W 9 5 7
J 9 1 9
W 1 1 4
J 1 1 7
J 11 3 7
W 7 5 9
W 10 2 2
W 8 1 2
W 8 1 4
W 3 5 1
W 5 2 5
W 16 5 4
J 13 3 8
W 16 1 2
W 2 4 4
J 13 5 2
W 13 3 7
W 2 4 4
W 16 2 7
P 66 2 8
T 122 1 6
T 83 1 9
T 7 4 6
T 66 1 6
P 91 1 6
P 130 2 6
L 184 1 6
L 171 5 9
P 201 5 7
T 108 5 6
P 126 1 7
P 76 3 6
T 188 1 8
P 161 5 6
L 2 1 6
P 201 2 6
P 191 1 6
T 27 5 7
P 118 2 6
G 26 2 8
195 6
138 2
157 1
105 7
136 5
104 2
36 8
121 7
179 6
66 5 1
W 3 4 7
W 1 2 1
J 2 1 1
W 1 2 1
J 2 4 6
W 1 4 4
W 1 3 1
W 3 1 5
W 2 5 3
W 1 2 5
W 3 1 2
W 3 5 7
W 2 1 9
W 3 4 1
J 2 1 1
J 1 1 3
W 3 5 1
W 1 4 6
W 1 1 1
W 1 4 8
W 3 1 4
J 3 1 6
J 3 4 4
W 2 1 6
W 2 5 5
W 1 3 1
W 1 1 3
W 3 4 7
W 2 5 2
J 1 3 1
W 1 3 1
W 2 1 2
W 1 4 3
W 3 2 6
W 2 1 1
W 3 2 1
W 1 1 1
J 1 3 2
W 1 4 1
W 3 4 4
J 1 4 2
W 1 3 7
W 1 4 7
W 1 3 1
J 3 2 3
W 1 4 9
W 1 1 9
W 1 2 2
W 3 4 4
W 3 5 5
W 1 5 2
W 1 5 9
W 3 1 3
W 3 5 1
J 3 1 6
J 3 4 1
W 1 1 5
W 1 4 7
W 1 5 1
J 3 1 1
J 1 1 6
W 1 1 9
J 1 5 6
W 2 5 4
J 3 2 5
W 1 1 9
P 1 1 6
G 1 2 6
P 1 1 6
P 1 5 9
T 1 3 7
1 4
23 49 3
W 5 3 6
W 29 5 4
J 5 3 5
W 14 5 1
W 27 1 6
W 7 3 1
W 23 1 3
W 9 3 1
W 23 2 7
J 28 3 4
J 16 1 7
J 2 3 1
W 22 5 3
W 22 1 3
J 18 3 4
W 19 1 1
W 1 3 4
W 15 3 1
J 12 5 6
J 22 1 4
W 1 3 1
W 24 1 1
W 18 1 1
L 113 2 9
G 281 1 8
G 173 3 8
P 61 1 7
L 292 1 6
T 119 5 8
P 183 4 8
P 1 2 8
P 126 4 8
P 231 3 6
T 147 3 8
P 38 1 6
P 64 1 6
T 34 1 9
T 159 3 7
P 149 2 9
G 39 1 6
T 145 1 6
T 21 1 8
P 106 1 7
P 67 5 7
T 129 3 6
G 107 1 9
L 207 1 6
P 16 2 7
P 273 2 7
P 275 3 7
T 237 4 6
P 116 1 6
T 276 1 6
G 181 2 6
L 83 3 9
P 53 1 6
L 235 4 6
P 146 2 6
P 16 4 8
P 110 4 9
T 71 1 9
L 108 2 6
P 119 2 6
P 245 5 6
T 137 2 6
P 36 5 6
P 29 1 8
P 227 1 6
T 151 4 6
P 136 3 9
T 181 2 6
T 67 5 7
219 4
140 1
164 1
20 7 9
J 13 3 1
W 9 4 1
W 8 4 5
J 19 1 2
W 4 3 1
W 2 5 4
J 28 1 6
W 9 3 2
W 17 2 1
W 5 3 7
W 26 1 7
W 1 2 1
W 5 1 1
J 2 5 4
J 19 2 2
W 12 5 7
W 17 5 2
W 1 1 7
J 9 1 7
W 13 2 4
P 110 2 6
P 23 2 6
G 16 1 6
P 163 1 7
P 184 1 6
P 172 4 6
G 118 2 9
128 1
262 5
173 4
244 4
277 9
148 1
266 3
22 1
246 8
29 8 7
W 1 1 1
W 1 3 7
W 2 4 7
W 1 2 7
W 1 3 4
W 2 1 4
W 1 1 1
W 2 2 5
W 1 3 4
W 1 4 3
J 1 4 2
W 2 1 9
W 2 1 6
W 1 2 3
W 1 5 9
W 1 4 1
W 2 5 6
W 1 3 7
W 2 2 7
W 1 1 3
W 1 5 1
W 1 2 2
J 2 4 4
W 2 5 2
J 1 2 7
J 1 5 1
W 1 5 7
W 1 1 4
J 2 1 1
P 18 5 6
P 17 2 6
L 4 1 6
P 13 5 6
T 20 3 8
G 20 1 6
P 1 3 6
T 23 1 6
11 7
22 8
10 2
13 2
16 4
1 1
2 3
21 15 6
W 15 2 7
W 13 1 8
J 5 1 1
W 5 3 1
W 16 3 1
J 4 4 5
W 9 2 5
W 6 1 6
W 17 2 5
W 11 5 8
W 4 5 7
W 6 4 4
J 5 1 4
W 4 5 5
W 15 1 8
W 1 4 1
W 8 4 4
W 6 2 8
W 7 5 4
W 6 1 7
J 7 5 4
L 39 1 7
P 123 2 7
L 137 1 8
G 17 5 8
L 88 2 7
L 4 3 8
P 126 2 6
P 1 2 6
L 160 1 6
L 146 3 6
L 26 5 6
P 159 1 8
L 163 5 8
L 5 5 8
P 68 4 7
93 1
72 8
104 3
142 7
131 5
84 6
17 40 5
W 5 3 7
W 4 5 1
W 9 1 5
W 4 1 4
W 10 3 2
W 9 1 4
W 5 3 9
W 9 4 3
J 1 5 1
J 1 1 5
W 6 2 5
W 9 5 6
J 3 1 2
W 11 3 4
W 5 1 6
W 9 5 8
W 5 1 1
L 79 5 7
T 19 5 6
P 31 2 8
T 74 3 6
T 49 2 6
T 126 1 8
T 112 1 6
P 9 4 6
P 97 1 6
P 14 1 6
P 79 2 8
P 1 1 6
T 104 2 6
T 25 3 6
P 106 4 7
P 73 1 9
P 1 3 7
G 53 1 8
T 83 5 8
T 6 1 8
L 112 4 7
P 72 1 8
G 98 3 7
L 51 1 8
P 52 1 8
P 19 5 8
P 4 1 6
T 53 1 6
P 115 1 6
P 46 3 6
P 104 4 8
P 94 2 8
L 73 1 7
T 119 2 8
T 91 3 6
T 68 5 6
P 82 5 9
P 32 1 6
P 49 1 6
T 7 1 9
16 1
15 5
80 4
118 6
116 1
4 14 3
J 6 5 7
W 7 5 1
W 3 3 2
J 1 2 7
L 9 5 8
T 75 3 6
P 41 4 9
G 3 5 6
P 1 2 8
P 27 1 8
L 29 4 7
P 76 5 6
P 68 4 8
G 4 1 8
L 33 3 6
P 30 3 7
P 31 1 6
P 13 1 6
5 1
19 4
26 2
33 49 9
J 11 1 6
W 20 4 1
W 9 4 1
J 11 4 1
W 16 1 5
W 5 1 1
J 14 1 4
W 25 1 8
W 2 2 1
J 7 2 8
J 18 1 9
W 6 5 9
W 19 5 6
J 22 1 7
W 18 2 1
W 1 1 6
W 21 1 8
W 22 1 1
J 12 1 5
W 9 5 6
W 19 1 2
J 15 3 1
W 7 2 6
W 22 2 2
W 3 3 3
W 20 1 1
W 24 3 5
W 8 1 7
J 10 4 3
J 1 3 1
W 3 3 8
J 14 2 4
J 23 3 1
P 113 1 6
L 25 4 7
T 219 2 6
L 181 5 6
P 146 1 6
P 81 5 8
P 203 2 7
L 166 3 8
P 16 1 7
T 26 3 8
P 69 3 6
T 108 1 6
P 142 5 6
P 244 4 8
T 81 1 6
T 137 1 8
T 205 3 6
T 8 4 6
P 133 1 6
P 176 2 8
P 221 2 6
L 209 2 9
T 192 1 6
G 130 2 8
L 43 5 8
L 34 1 6
P 214 4 6
T 103 2 6
P 33 3 8
T 180 3 9
T 18 4 8
L 181 3 7
L 179 1 8
T 200 5 6
P 244 1 6
P 165 4 6
P 151 2 9
P 180 3 8
P 111 2 8
P 184 5 6
G 107 4 6
L 23 3 9
P 246 1 6
P 158 5 9
P 205 4 6
T 84 1 6
P 135 4 8
P 1 1 6
T 215 3 6
164 1
20 3
192 4
222 1
199 1
124 7
188 3
235 4
207 4
24 41 1
W 1 5 4
J 3 1 6
W 2 1 4
W 1 5 9
W 3 5 4
J 1 2 1
W 1 1 1
W 1 1 2
W 1 1 1
W 1 2 8
W 4 5 1
W 3 1 1
W 6 4 1
W 4 1 4
W 4 5 7
J 5 2 1
W 1 1 1
W 5 2 7
W 1 4 8
W 1 4 9
W 4 2 1
W 1 1 2
J 1 1 4
W 3 1 1
P 5 1 8
P 3 1 8
T 1 5 9
T 1 2 7
P 1 3 6
P 2 3 6
T 5 3 7
P 1 3 8
T 1 3 6
L 4 2 6
T 1 5 6
L 4 2 9
T 1 2 7
P 1 1 6
P 5 5 6
L 5 1 6
P 3 1 8
P 5 1 6
P 4 2 6
G 3 4 6
T 4 1 7
T 1 4 8
T 1 5 6
L 2 4 8
T 1 1 6
T 1 4 6
T 2 3 6
T 3 3 6
P 3 5 7
P 1 5 7
P 1 4 8
G 3 5 6
P 1 2 6
T 3 3 9
P 2 2 7
G 4 3 7
P 1 1 8
T 1 4 9
L 5 1 7
P 4 2 8
P 3 1 6
1 8
93 16 1
W 7 3 1
W 10 3 7
J 16 5 1
J 7 2 7
J 10 4 4
W 9 1 3
J 2 5 4
W 9 1 8
W 17 5 6
W 18 2 7
J 7 1 7
W 14 4 4
J 19 1 3
J 18 1 1
J 13 2 7
W 27 4 1
W 2 5 2
J 11 1 6
W 8 2 5
W 3 5 8
J 8 4 6
W 27 3 3
W 1 1 4
W 22 4 1
W 17 2 5
W 20 5 2
W 21 1 2
W 20 1 1
W 22 2 1
W 2 1 6
J 13 1 6
J 13 2 1
W 9 4 7
W 22 5 2
W 2 5 6
W 2 5 2
W 21 4 1
J 22 5 8
J 22 1 1
W 1 2 4
W 18 3 3
W 26 1 6
W 16 1 9
W 22 4 1
W 1 3 1
J 17 5 4
W 13 3 8
W 17 4 1
W 15 1 5
W 19 1 1
W 1 4 6
W 24 1 4
W 15 2 7
W 1 4 6
W 1 5 8
W 1 2 9
W 21 2 4
W 11 1 4
J 2 4 2
W 25 5 9
W 12 1 4
W 10 3 1
W 1 4 1
W 3 1 3
W 7 1 6
W 9 1 5
W 6 5 7
W 16 2 9
W 10 3 6
W 16 1 8
J 6 4 1
W 13 1 4
W 21 1 7
W 21 1 5
W 5 5 1
J 25 2 2
W 25 3 1
W 22 4 1
J 25 3 2
W 13 3 1
J 6 2 2
W 2 2 4
W 22 2 3
J 1 2 3
W 16 1 4
W 11 1 5
W 19 2 1
W 9 1 4
W 19 1 4
W 22 4 4
J 16 3 1
W 6 2 4
J 1 2 5
G 258 1 7
G 148 1 6
L 23 4 6
P 35 3 8
G 176 1 6
T 244 1 6
L 191 5 6
P 269 1 6
T 238 1 7
L 26 3 6
L 208 2 8
P 236 1 6
P 82 1 8
P 271 5 8
T 151 2 6
G 210 2 6
156 4
71 34 7
W 4 3 2
W 2 1 4
W 7 3 8
W 7 1 1
J 4 4 8
W 8 4 4
W 4 1 7
W 2 2 1
J 8 3 7
J 8 1 1
J 9 2 7
W 5 5 9
J 4 5 6
J 7 1 3
W 5 5 2
W 1 1 4
J 1 5 1
W 7 3 1
W 9 1 3
W 9 1 5
W 9 2 9
W 7 1 6
W 2 4 1
W 1 2 6
W 3 5 4
J 9 1 3
W 7 5 5
W 6 4 8
W 3 1 9
W 4 1 1
W 3 5 3
W 4 1 7
W 1 3 4
J 8 1 1
W 7 3 5
J 6 5 3
J 5 5 4
J 1 2 5
W 8 1 8
W 7 1 8
W 1 3 7
J 1 1 3
W 9 5 8
W 8 3 1
W 1 1 1
W 1 2 7
W 1 2 1
J 1 1 3
W 7 3 1
J 3 1 4
W 3 5 1
W 1 1 4
W 4 4 6
J 7 5 2
W 5 3 7
J 2 4 8
W 1 3 4
J 4 3 8
J 7 4 2
W 5 4 1
W 5 4 8
J 6 1 3
W 4 4 7
W 8 1 8
W 2 1 9
W 5 1 1
W 9 1 9
W 3 5 2
W 4 2 9
J 6 2 9
W 1 1 2
P 8 5 8
P 71 5 6
L 67 1 8
P 69 1 8
L 69 1 6
T 90 1 9
P 21 5 6
P 34 2 8
P 19 1 7
T 84 3 6
P 64 1 7
L 62 3 6
P 8 4 8
P 15 1 6
T 33 5 6
T 10 2 8
L 13 3 9
L 87 3 6
T 16 1 6
P 24 1 8
G 72 4 6
P 15 5 8
P 57 5 8
P 36 5 8
T 86 1 6
P 5 3 8
P 63 5 6
T 45 4 8
P 80 5 7
P 77 1 9
P 32 1 8
P 55 5 7
T 31 2 6
P 82 3 9
66 8
79 7
31 3
70 2
81 1
71 7
40 6
91 32 7
W 18 1 1
J 11 1 6
J 6 3 5
W 1 4 2
J 22 1 8
W 16 3 6
W 11 4 1
W 9 2 4
W 21 2 2
W 6 4 7
J 23 5 1
W 4 2 7
J 11 4 1
J 23 2 7
W 6 3 2
J 16 3 7
W 10 1 3
W 15 2 1
W 4 2 9
W 21 4 1
W 16 2 1
W 13 2 5
W 16 2 8
W 13 1 6
W 11 1 3
W 22 4 7
W 5 4 3
W 24 5 5
W 10 1 7
J 1 3 8
W 20 3 4
W 1 1 9
W 23 2 1
W 3 4 1
W 11 2 4
W 15 5 8
W 10 1 7
J 16 1 6
J 1 5 1
W 6 1 1
J 6 1 4
W 3 4 5
J 7 1 1
J 21 1 6
W 9 1 9
W 1 5 3
J 6 4 9
W 14 1 7
J 11 1 6
W 17 2 7
J 24 1 5
W 2 5 7
W 9 1 1
W 16 2 4
W 4 3 6
W 1 4 4
J 17 5 5
W 8 3 1
W 9 1 1
W 20 5 1
W 8 3 9
W 1 4 1
W 6 1 1
W 15 1 1
W 23 4 7
J 9 1 5
J 17 1 2
W 20 3 6
W 15 2 7
J 11 5 1
W 20 3 6
W 6 5 7
W 21 3 2
W 8 3 7
W 16 2 7
W 1 1 5
W 19 4 1
W 12 4 1
W 3 2 9
W 10 1 1
W 12 1 3
W 6 1 1
W 4 2 3
W 6 2 1
W 9 5 3
W 5 4 3
W 6 1 7
W 13 5 7
W 7 1 5
W 11 1 1
W 9 2 5
G 179 3 8
T 34 1 6
P 157 3 6
L 34 4 6
G 35 1 8
T 31 3 6
P 7 5 6
P 111 1 6
T 19 2 6
P 223 5 6
L 232 1 7
P 149 1 6
L 82 1 6
P 249 1 6
T 144 1 8
T 16 1 6
P 101 1 8
T 52 3 7
P 222 1 6
P 24 4 6
P 135 5 8
P 110 1 6
P 47 5 7
L 79 5 9
G 14 2 6
G 180 1 8
P 44 4 6
T 162 4 9
P 188 4 6
T 127 4 8
G 204 3 9
T 177 1 9
45 1
250 1
227 5
14 6
149 2
233 1
91 2
23 23 10
W 5 2 3
W 5 1 1
W 2 3 3
W 1 1 6
W 3 1 2
W 2 1 1
J 5 2 9
W 2 3 1
J 5 1 4
J 6 1 5
J 2 1 1
W 2 1 7
W 4 3 9
W 6 3 1
J 4 4 1
W 2 1 1
W 1 1 1
W 2 1 4
W 1 5 1
W 2 1 6
J 7 3 1
W 1 1 4
W 2 1 9
L 21 5 6
G 10 2 8
P 59 2 7
L 20 1 8
P 67 3 6
T 5 3 6
T 29 3 9
P 39 1 7
P 1 1 8
T 53 5 6
P 45 5 8
T 5 1 9
P 45 1 7
L 36 5 6
P 62 1 9
P 3 1 6
L 41 2 6
G 68 5 6
T 33 4 7
L 41 1 8
T 50 1 7
G 44 2 8
P 28 1 6
19 1
1 1
20 7
25 8
21 3
41 1
46 1
35 4
47 1
76 6
35 35 9
W 3 3 1
W 9 4 2
W 7 4 1
W 1 1 4
W 17 1 9
W 3 1 7
J 7 4 4
W 13 4 4
W 21 2 4
W 1 3 2
W 3 4 5
W 13 3 4
W 21 1 1
W 10 2 9
W 12 5 3
W 20 1 4
W 1 3 7
J 17 5 6
W 11 1 3
J 6 4 9
W 19 2 1
W 6 3 1
W 9 2 6
J 16 1 1
J 14 1 8
W 2 4 5
W 10 5 3
W 13 3 2
W 9 1 2
W 11 1 3
W 1 1 7
W 21 5 2
J 6 5 4
J 20 5 1
W 9 1 7
T 169 5 6
P 27 1 6
P 223 2 8
T 101 2 7
T 189 3 9
P 120 5 9
P 169 5 9
T 173 2 9
G 105 5 6
T 45 5 6
L 224 5 8
T 65 1 7
P 205 5 6
T 43 1 7
G 197 4 8
T 199 4 6
P 208 3 6
P 186 2 8
L 35 3 6
G 189 1 8
P 9 5 8
G 11 5 6
L 99 2 9
T 106 5 6
L 36 3 7
G 145 2 6
P 177 3 8
G 151 1 9
P 174 4 9
P 115 5 7
P 181 3 9
L 64 1 8
G 57 1 6
P 217 4 8
G 221 1 8
145 9
1 6
15 4
77 9
43 6
171 8
52 8
199 1
10 9
79 20 1
W 7 5 4
W 4 1 3
W 1 5 2
J 1 1 3
W 11 3 3
J 14 4 4
W 5 3 3
J 8 2 5
W 5 2 1
W 8 1 4
W 8 5 1
W 1 1 4
W 1 2 9
J 8 2 1
W 5 4 6
W 4 1 2
W 7 5 7
W 10 3 1
W 6 2 1
W 5 3 4
W 3 4 3
W 5 2 2
J 13 1 1
W 7 4 7
J 9 4 1
W 9 1 1
J 13 5 1
W 3 3 1
W 5 3 7
W 1 1 7
W 13 1 7
W 6 5 3
W 5 4 3
W 1 3 4
W 3 1 8
W 13 3 1
J 3 3 6
W 9 4 2
W 8 5 5
J 3 1 1
W 1 4 2
J 11 1 9
W 10 2 3
W 6 5 4
W 13 4 5
W 9 4 1
J 1 4 7
W 5 1 3
W 1 2 7
J 3 1 8
J 7 4 9
J 3 1 1
J 11 4 4
W 1 4 5
J 1 1 1
W 2 1 3
W 1 1 4
J 8 1 4
W 5 1 5
W 7 4 9
W 3 5 3
W 11 2 4
W 6 2 6
W 9 5 5
W 3 1 7
W 1 3 7
W 11 1 1
J 1 1 7
J 9 1 4
W 1 1 6
W 5 4 1
W 10 1 4
W 11 5 6
W 8 1 6
J 1 4 6
W 7 2 5
W 11 5 8
W 9 4 8
W 11 1 6
T 84 1 8
G 123 5 7
L 35 3 7
G 9 4 8
P 22 4 6
L 3 4 6
P 97 5 8
T 89 3 8
T 20 3 8
P 76 4 7
T 61 1 6
T 57 1 8
P 51 1 6
P 38 1 8
P 43 5 6
P 43 3 6
L 47 3 6
P 134 1 9
P 13 3 8
P 141 2 7
32 7
1 5 5
W 1 4 1
P 131 1 8
G 8 3 8
P 159 2 6
L 112 2 8
T 105 5 6
161 2
92 9
81 1
205 1
218 5
55 5 1
W 1 1 7
W 9 5 2
J 5 1 9
W 4 1 5
W 1 5 2
J 3 4 1
W 4 4 7
J 4 1 1
W 2 4 1
W 5 2 1
J 5 1 1
W 2 2 5
W 3 1 2
W 3 5 5
W 1 1 1
W 5 3 1
W 7 2 7
J 4 4 7
W 1 4 1
J 1 3 4
J 4 3 1
J 7 2 5
J 1 5 3
W 8 1 1
W 6 4 1
J 5 1 5
J 1 5 3
W 6 5 4
W 1 1 4
W 6 2 5
J 6 4 7
W 5 4 5
W 4 1 7
W 1 1 2
W 1 2 2
J 3 1 1
J 6 3 7
W 7 1 1
W 9 1 9
W 3 2 1
W 1 1 7
W 7 1 1
W 6 4 1
W 1 1 1
W 7 4 6
W 1 4 4
W 7 1 2
J 1 1 7
W 8 1 6
W 1 5 8
W 9 3 1
W 4 3 4
J 4 1 1
W 6 3 3
J 1 2 4
L 25 3 6
G 65 1 6
L 58 3 6
P 38 5 6
P 60 4 9
69 7
5 5 1
W 13 5 7
W 13 5 7
W 3 1 7
W 13 5 6
W 9 3 1
T 182 3 6
P 94 5 6
T 246 3 7
L 247 2 6
P 85 2 8
49 7
23 20 5
W 23 1 1
W 5 1 3
W 13 1 9
W 1 4 1
W 23 4 6
J 5 2 1
W 11 1 1
W 17 1 5
W 21 4 5
W 1 1 4
W 7 2 1
W 1 2 3
J 25 1 8
W 27 5 8
J 28 3 5
J 10 5 4
W 28 2 7
W 25 4 1
J 15 1 9
W 19 4 5
W 15 1 1
W 27 5 4
J 19 1 9
P 12 2 8
P 121 1 6
L 150 5 9
P 50 1 6
P 247 4 6
P 11 1 6
P 241 3 6
L 233 1 8
G 214 1 6
P 71 5 6
T 240 5 8
P 286 4 7
P 92 2 6
P 12 1 6
L 205 5 8
T 1 3 8
P 214 1 9
L 97 1 6
L 111 5 7
T 38 4 8
41 4
2 7
156 1
189 9
40 8
45 36 9
W 5 5 8
W 10 3 3
W 3 1 1
W 9 5 6
W 7 1 5
W 5 5 1
W 8 3 1
W 1 4 3
W 7 1 1
W 5 4 5
W 5 3 8
W 1 3 1
W 7 4 2
W 3 1 4
W 9 1 4
W 11 5 8
J 4 1 7
W 1 1 6
J 1 1 1
J 1 4 1
W 5 4 7
W 1 3 1
J 1 2 1
W 5 4 3
J 8 1 5
W 1 1 1
W 1 1 2
W 1 4 1
J 7 5 7
J 9 4 4
W 10 5 2
W 5 3 3
W 2 5 1
W 1 3 9
J 7 1 8
W 1 1 4
W 10 2 4
W 1 5 1
W 5 1 3
W 11 3 8
J 7 1 2
W 9 1 7
W 1 3 6
J 3 2 9
W 4 1 1
T 67 3 6
L 119 2 6
P 110 1 6
T 10 1 6
P 82 3 6
P 112 1 6
L 101 3 9
P 100 1 6
L 39 5 8
P 51 3 6
P 37 1 6
P 82 2 6
P 17 4 6
T 61 3 6
P 61 1 6
G 81 4 6
P 74 2 7
T 69 4 7
T 51 1 9
T 111 3 6
P 89 2 6
L 54 4 6
P 80 3 6
G 43 2 6
P 29 2 9
P 77 1 6
P 111 2 6
T 74 2 6
T 37 2 7
L 55 3 9
P 91 3 6
T 11 4 6
P 23 3 6
G 85 4 6
T 78 1 6
P 70 4 6
88 7
83 1
11 1
3 2
41 5
72 7
54 7
113 1
89 1
65 19 9
W 9 1 2
W 3 1 5
W 17 3 9
W 1 1 1
W 1 1 9
W 2 1 4
W 7 1 8
J 16 5 4
W 10 3 5
W 15 4 2
J 1 3 7
W 10 5 3
W 11 4 4
W 15 1 5
W 1 3 3
W 19 1 6
W 10 2 9
W 1 2 2
W 16 4 1
W 5 1 4
W 8 2 7
J 12 1 1
W 13 3 4
W 14 1 8
W 17 4 4
W 8 5 1
W 5 2 5
W 9 2 1
J 8 5 2
W 5 1 1
W 15 5 1
W 1 5 1
J 13 3 1
W 11 4 1
W 14 3 2
J 13 1 2
J 1 2 1
W 1 4 1
W 5 4 5
W 14 1 8
W 5 5 8
W 16 1 1
J 12 2 1
W 1 1 9
J 14 1 3
W 4 4 7
W 16 5 9
W 13 2 7
W 18 3 5
W 5 4 4
W 9 2 1
W 5 2 3
W 6 4 2
W 13 5 1
W 10 4 7
J 8 1 5
W 4 2 9
J 7 5 5
W 7 1 9
W 1 1 4
W 3 3 7
W 11 5 9
J 1 4 9
W 19 3 1
W 13 5 3
P 145 3 8
T 31 4 6
G 31 1 8
G 181 1 7
G 21 1 8
P 183 3 7
G 55 3 6
P 124 4 6
P 13 2 6
T 13 3 6
G 3 1 8
P 98 1 9
T 82 4 8
P 115 4 8
T 141 5 6
P 10 1 8
P 110 4 7
P 37 5 7
P 182 2 6
151 3
146 5
159 3
33 1
61 5
184 3
165 4
100 4
141 3
79 49 1
J 1 5 2
W 7 5 1
W 13 3 1
W 17 5 6
W 1 4 1
W 1 1 3
J 1 1 7
W 13 5 9
W 1 2 2
W 10 4 7
W 11 4 9
W 4 2 9
W 2 2 2
W 7 5 3
W 17 5 4
W 8 4 4
J 4 4 1
J 10 5 7
W 13 1 8
W 12 1 1
W 1 5 1
W 9 4 7
W 9 2 5
W 19 2 7
J 19 3 4
W 7 1 5
W 1 3 8
W 16 2 3
J 17 2 7
W 5 1 6
W 5 4 7
J 19 1 8
W 17 3 3
J 9 4 1
W 11 1 4
W 10 3 1
W 11 1 4
W 16 3 5
W 14 5 4
W 10 1 1
W 3 1 7
W 15 3 7
W 4 2 5
W 3 2 1
W 18 1 1
J 8 2 4
W 4 1 1
J 13 4 7
W 16 4 1
W 4 1 4
W 1 3 7
W 9 1 6
J 1 5 1
W 11 3 1
W 7 1 2
W 14 1 1
W 4 5 9
W 8 4 4
J 7 1 6
W 1 1 4
J 10 3 9
J 5 1 1
J 17 4 6
W 16 5 1
W 18 2 1
J 6 1 3
W 18 3 6
J 19 2 4
J 2 1 8
W 8 1 7
W 6 1 5
J 10 1 2
W 19 5 1
W 12 5 5
W 5 3 7
W 3 5 2
W 19 2 6
W 13 2 7
J 12 3 1
P 141 1 6
P 147 2 9
T 63 3 9
G 151 5 8
G 180 3 6
P 6 5 9
P 80 3 8
T 5 1 9
P 187 1 8
P 46 5 7
T 9 5 8
P 141 1 9
P 171 1 7
L 2 1 6
P 35 5 6
T 142 3 8
G 119 2 9
T 43 1 6
P 81 2 6
P 83 1 8
L 181 1 6
P 110 4 6
P 51 1 7
P 141 1 6
G 70 2 6
P 117 5 8
T 40 4 6
G 87 2 6
P 79 2 6
T 131 3 6
G 39 1 8
L 41 5 6
P 1 4 7
P 115 2 6
L 86 2 8
G 143 3 6
T 71 3 7
L 97 1 8
P 130 1 6
P 60 3 6
P 161 5 6
T 61 5 8
G 181 1 6
P 101 1 6
L 19 2 7
L 125 5 8
P 119 4 6
P 156 5 8
P 79 1 7
146 1
89 9 3
W 1 5 7
W 1 4 7
W 1 3 4
J 1 1 7
W 1 4 1
W 1 4 1
W 1 1 4
W 1 2 4
W 1 3 2
W 1 4 7
W 1 4 7
J 1 4 6
W 1 4 4
J 1 3 5
W 1 5 9
W 1 5 7
J 1 4 5
W 1 3 1
W 1 4 3
W 1 4 9
W 1 5 1
W 1 1 7
W 1 4 4
J 1 3 1
W 1 1 7
W 1 4 1
W 1 1 4
J 1 3 9
J 1 3 8
J 1 2 4
W 1 3 3
J 1 1 1
W 1 2 4
W 1 4 1
J 1 1 1
W 1 5 8
W 1 3 4
W 1 2 6
W 1 1 1
J 1 1 1
W 1 5 4
W 1 2 1
W 1 2 1
J 1 1 1
J 1 1 3
J 1 5 2
W 1 1 7
W 1 1 7
W 1 4 1
J 1 4 5
W 1 1 7
J 1 5 6
W 1 1 2
W 1 1 8
W 1 5 2
W 1 3 6
W 1 4 6
J 1 3 1
J 1 2 4
J 1 2 6
W 1 1 4
J 1 5 6
W 1 5 9
J 1 2 1
J 1 1 8
W 1 4 1
W 1 5 7
W 1 3 3
W 1 1 7
W 1 2 8
W 1 4 7
W 1 1 1
W 1 2 1
W 1 1 5
W 1 3 1
W 1 3 4
W 1 5 5
W 1 3 7
W 1 2 1
W 1 3 1
W 1 1 1
W 1 2 1
W 1 4 9
W 1 5 8
W 1 1 5
W 1 2 7
W 1 2 4
W 1 4 4
W 1 2 4
T 13 1 6
T 12 1 8
P 11 2 6
L 7 4 6
P 12 3 6
G 1 5 7
T 7 1 6
T 9 3 8
G 7 1 6
10 4
9 6
5 1
83 15 3
W 6 2 7
W 5 2 4
W 7 5 9
W 1 4 4
W 1 3 1
W 7 4 4
W 1 2 2
W 3 1 4
W 1 1 5
W 3 5 4
J 5 3 4
W 4 1 7
W 7 1 2
W 4 4 7
W 2 1 4
J 6 5 5
W 1 4 9
W 3 4 3
W 5 1 1
W 5 5 7
W 7 4 1
W 4 2 1
W 1 1 7
W 6 5 6
J 2 4 1
W 6 1 5
W 3 3 8
J 1 1 6
W 2 5 1
W 2 5 8
W 7 3 4
W 1 4 2
W 3 1 4
W 5 1 7
W 4 5 7
W 7 4 4
J 4 1 1
J 7 1 4
W 5 1 4
J 2 1 3
J 2 5 5
W 2 1 3
W 1 3 1
W 6 1 5
W 1 1 5
J 4 1 4
W 6 3 2
W 3 1 9
W 1 2 9
W 1 3 4
J 2 1 8
J 2 4 1
J 2 1 1
W 1 2 1
W 6 1 1
W 2 3 1
W 5 1 5
J 3 3 8
W 2 1 7
J 5 1 6
J 2 1 3
J 2 1 4
W 3 1 7
W 4 1 6
W 5 5 1
W 7 3 6
W 7 2 1
W 4 5 3
W 6 1 7
W 2 1 8
W 5 1 7
W 1 3 5
J 5 1 3
J 1 5 1
W 7 1 7
W 3 1 1
W 3 1 2
J 7 5 1
W 1 2 1
J 6 2 2
W 1 2 4
W 2 5 7
J 5 4 6
P 73 5 6
P 32 4 6
G 54 1 6
P 65 3 6
P 7 3 9
P 15 1 6
P 30 1 8
T 25 4 6
T 44 2 6
G 10 4 8
T 69 1 8
P 68 3 8
P 36 5 8
T 8 1 6
L 70 1 6
35 9
16 9
24 1
61 43 1
J 1 2 5
J 2 2 3
J 1 3 2
W 4 5 8
J 4 4 4
W 5 1 4
W 2 1 8
W 4 2 8
W 2 5 3
W 1 1 4
J 2 1 1
W 4 1 9
W 3 3 9
W 1 2 1
W 1 4 4
W 1 5 8
J 1 1 1
W 1 5 2
W 1 1 6
J 2 3 7
W 1 1 1
W 4 1 1
J 3 1 5
W 5 4 4
J 3 2 7
J 4 1 5
W 2 2 1
W 5 5 1
W 4 3 5
J 1 1 3
W 1 2 9
J 5 1 7
W 1 5 8
W 1 5 6
W 1 4 5
J 5 5 1
J 4 4 3
J 5 4 7
W 5 4 4
J 3 2 5
J 1 1 6
W 1 3 4
W 4 2 5
W 5 4 4
W 4 1 8
J 1 4 1
J 3 5 6
W 3 3 8
W 1 5 1
W 5 3 6
W 2 1 1
W 2 1 9
W 2 5 5
W 3 1 9
W 4 4 5
W 2 3 9
W 1 4 7
W 4 2 4
W 1 1 3
W 4 5 1
W 1 1 2
P 1 3 6
G 31 2 8
T 42 4 6
T 14 3 6
T 48 5 8
P 44 2 8
P 28 1 7
T 1 4 8
P 25 3 9
T 18 3 8
L 25 1 8
P 30 4 8
P 40 1 9
T 49 1 7
T 10 1 8
L 20 2 9
T 4 5 9
P 28 2 6
T 47 5 7
P 42 5 9
T 11 2 6
P 21 3 6
L 9 2 6
P 3 1 6
P 12 1 6
P 7 3 6
P 33 5 9
P 28 4 6
G 13 1 8
T 37 4 8
T 14 1 8
T 4 3 6
P 18 1 6
P 46 1 6
P 10 3 6
G 10 3 7
T 12 5 6
P 19 1 6
G 35 4 6
P 34 2 6
T 7 1 8
L 19 5 6
P 1 4 8
10 1
35 17 3
J 1 2 6
W 5 4 3
W 21 4 7
W 21 1 8
W 5 1 4
W 10 2 8
J 22 5 5
J 7 2 2
W 23 5 7
W 6 5 9
W 1 4 1
W 16 1 5
J 2 5 1
W 14 5 2
W 1 3 8
J 2 3 6
W 7 1 1
J 7 5 4
J 25 2 1
J 3 4 4
W 14 5 7
W 22 4 5
W 5 3 8
W 17 5 1
W 6 1 1
J 19 1 1
J 21 2 7
W 15 3 9
W 25 1 9
J 23 2 7
J 19 5 1
W 1 1 1
W 3 1 2
W 22 1 5
W 24 4 4
P 199 1 6
L 30 1 6
P 71 1 6
T 28 5 6
P 193 3 8
P 204 2 7
L 209 1 6
P 271 2 6
P 22 5 6
P 97 4 7
P 156 1 7
P 269 4 6
P 137 1 8
T 19 1 6
P 123 5 6
P 202 5 6
L 30 1 6
209 8
172 1
179 2
97 42 9
J 9 1 5
J 1 4 2
W 1 1 3
J 1 1 3
W 1 1 4
W 1 1 4
J 8 4 5
J 13 5 2
W 3 1 3
W 13 5 4
J 2 4 7
W 2 5 7
W 4 3 1
W 8 4 1
W 12 2 7
W 13 1 5
W 8 1 8
J 5 4 7
J 1 1 4
W 4 4 5
W 7 5 6
W 7 1 9
W 10 4 5
W 5 5 9
W 7 3 4
W 1 1 3
J 8 1 9
W 8 1 7
W 7 2 1
W 5 3 7
W 4 1 5
W 8 4 4
W 4 2 1
J 12 1 5
W 3 3 2
W 13 5 7
W 7 1 3
J 8 2 5
W 5 4 3
J 10 1 1
W 8 3 8
W 2 5 8
W 8 5 1
W 5 1 8
W 11 3 2
W 7 3 4
W 1 4 8
W 1 4 6
W 6 5 1
W 7 5 7
W 1 5 5
J 9 3 9
W 9 3 2
J 12 2 1
W 4 5 4
W 9 1 1
W 6 1 2
W 10 1 6
W 3 1 7
W 1 2 4
W 11 2 7
J 5 1 2
W 11 1 4
W 7 2 7
W 7 2 7
W 1 3 3
W 1 2 1
J 3 4 1
W 8 1 8
W 1 2 9
W 1 4 1
W 8 1 5
W 12 1 2
J 9 2 2
W 3 4 5
W 6 2 5
W 12 5 8
W 10 1 7
W 9 2 3
W 5 4 7
W 13 4 1
W 1 1 1
J 8 4 7
W 3 1 2
J 8 1 1
W 8 2 1
W 8 1 5
J 8 1 9
W 7 3 5
J 11 1 4
W 5 5 6
W 8 3 6
W 13 3 1
W 12 1 2
W 9 5 7
W 6 1 6
W 4 3 6
L 36 1 6
T 55 2 6
P 8 2 6
P 6 2 7
P 123 4 8
T 4 1 6
P 9 2 6
G 15 5 8
T 24 1 6
P 37 2 6
T 72 1 8
L 74 4 9
T 54 1 8
T 55 1 6
T 21 1 8
P 69 1 6
T 17 5 8
G 90 2 6
L 120 1 8
L 104 3 6
P 88 1 9
P 5 4 9
P 30 3 6
P 100 4 6
T 47 4 9
P 124 4 8
T 104 1 7
P 113 1 6
G 87 4 6
P 118 3 9
G 103 4 9
T 70 3 6
P 94 2 6
P 124 5 7
G 85 1 6
P 41 4 8
G 44 1 9
T 108 1 6
G 69 1 6
T 120 4 8
P 16 3 7
T 51 1 7
49 3
25 9
26 1
92 1
31 2
66 7
48 3
120 7
73 7
81 23 9
W 4 1 7
W 8 2 9
J 8 3 7
W 9 1 3
J 3 2 9
J 11 4 2
W 10 1 7
J 1 3 1
J 5 4 1
W 4 4 7
W 7 4 5
W 5 2 1
W 1 4 4
W 4 4 1
J 5 4 9
W 10 1 7
W 9 3 3
W 1 3 5
W 7 4 1
J 6 3 3
W 1 1 7
W 7 1 1
W 6 1 2
W 1 4 3
J 12 2 1
W 12 5 3
W 2 1 6
W 13 1 2
J 7 5 8
W 11 4 1
J 11 2 4
W 11 4 4
W 10 1 4
W 13 2 4
W 10 1 5
W 10 1 3
W 11 1 7
J 1 2 3
W 10 2 1
J 11 5 6
J 2 3 7
W 15 3 9
W 10 1 1
W 1 2 1
W 13 1 4
W 14 1 8
W 6 1 8
W 11 4 7
W 2 1 1
W 5 4 8
J 10 1 4
W 10 5 8
W 7 3 9
W 6 1 1
J 1 2 3
W 13 1 1
W 12 1 6
W 10 5 2
W 10 3 7
W 1 4 5
J 15 1 7
W 11 5 4
W 12 4 9
W 1 3 1
W 2 1 3
W 10 1 9
W 2 1 7
W 15 1 7
W 13 1 1
W 1 2 3
J 7 3 1
W 11 3 7
W 4 1 1
W 10 1 1
J 7 4 1
W 10 2 1
W 1 5 4
J 5 2 3
W 4 1 7
W 13 2 4
J 1 1 1
G 136 5 6
P 100 4 7
P 135 1 7
P 49 1 6
P 147 2 9
T 22 5 8
P 73 1 8
L 99 3 6
P 84 5 9
P 111 2 8
T 1 1 6
G 79 5 8
P 39 1 7
T 17 5 8
P 72 4 6
G 5 5 9
T 65 1 6
P 10 4 9
T 34 4 6
T 115 3 6
P 134 4 6
G 22 1 7
T 136 4 6
89 7
2 4
84 9
128 8
17 8
130 1
72 7
64 5
21 1
57 41 1
W 10 1 4
J 1 3 1
W 4 5 5
J 5 4 9
J 15 5 9
J 6 1 1
J 1 2 1
W 13 2 2
W 11 2 1
J 6 5 1
J 3 3 1
J 11 1 3
W 16 1 1
W 15 4 9
J 11 1 1
W 1 1 8
W 17 5 5
W 5 5 9
W 16 5 2
J 3 4 3
W 14 5 8
W 1 1 3
J 4 4 1
W 18 4 3
W 1 1 5
W 7 2 7
W 5 1 2
W 18 4 4
W 7 1 1
J 20 1 8
W 16 1 7
W 19 5 7
W 13 5 8
W 16 5 1
W 12 2 2
J 11 3 6
J 17 2 7
W 3 3 5
J 1 1 4
J 16 1 1
W 12 1 7
J 1 4 1
W 7 1 7
W 18 2 6
W 4 2 1
W 6 1 1
W 1 3 1
W 1 3 4
W 19 1 7
W 17 1 7
J 16 1 1
W 14 3 6
W 13 1 4
J 8 5 4
J 6 4 7
J 13 1 1
W 11 1 7
T 176 2 6
T 54 5 8
P 174 5 8
G 191 3 8
G 171 1 6
G 56 1 6
L 62 1 6
L 98 2 7
P 28 4 6
L 87 4 7
T 101 1 6
P 78 1 8
G 125 4 6
T 120 4 6
P 200 3 6
G 132 1 6
P 193 1 8
T 52 5 6
L 105 1 9
T 20 3 6
T 125 3 7
T 173 1 6
T 186 1 6
P 21 2 6
P 51 3 6
L 151 2 6
P 84 4 8
P 136 2 8
P 13 5 8
P 66 2 9
P 61 5 9
G 156 3 6
G 6 3 9
T 80 2 7
G 68 4 6
P 5 4 8
G 69 5 8
P 157 1 6
T 183 1 8
P 120 3 6
P 79 1 8
11 5
4 20 10
J 1 5 1
W 17 1 3
W 10 3 1
J 4 1 4
P 135 1 8
P 7 1 6
P 137 4 6
P 108 2 6
G 22 1 6
P 175 4 6
P 141 5 6
T 86 4 6
P 150 2 6
T 107 3 6
P 12 4 6
P 178 1 9
P 46 3 8
T 75 5 6
P 129 2 9
P 39 3 6
G 186 4 8
P 83 4 8
L 127 4 8
G 118 2 8
169 6
83 3
126 1
5 4
159 6
18 4
107 5
132 7
28 5
52 8
5 13 6
W 1 2 3
W 13 4 3
W 21 5 1
J 27 4 1
W 1 3 6
P 2 4 8
T 168 1 7
P 61 1 6
L 35 2 8
G 202 5 8
P 95 3 9
T 44 1 8
T 112 1 8
P 58 1 6
T 197 4 9
T 234 2 6
T 245 4 6
G 265 1 9
79 5
166 1
278 3
266 9
156 1
70 4
40 46 1
J 12 4 1
W 21 5 8
J 11 5 3
J 21 1 5
W 1 2 1
W 19 3 4
W 5 4 5
W 8 4 5
W 13 2 6
W 6 3 4
W 4 1 8
W 21 3 7
W 17 1 6
W 9 4 4
W 1 2 1
J 6 1 1
W 11 1 9
W 12 3 1
J 11 5 9
W 22 2 1
J 12 1 1
W 3 4 7
W 11 4 4
W 8 5 1
J 1 2 5
W 10 5 4
W 10 2 7
W 25 1 7
W 16 5 4
W 9 2 7
W 3 3 1
W 4 2 2
W 8 1 7
J 4 1 6
W 15 4 2
W 5 4 5
W 18 2 4
W 19 4 8
W 12 1 1
W 14 1 9
P 181 2 8
P 120 1 6
P 151 3 6
T 225 2 8
P 198 2 6
G 37 4 6
T 121 4 6
P 1 2 8
P 217 4 8
P 235 1 7
P 115 2 7
P 85 5 6
T 104 5 6
T 85 5 8
L 225 3 6
T 173 4 6
T 98 3 8
P 157 4 8
P 169 3 6
P 15 1 9
L 62 3 6
P 51 5 6
P 211 5 8
P 253 1 6
P 142 4 8
L 102 5 7
T 100 3 6
P 154 4 8
P 253 2 9
P 219 2 7
P 172 3 6
P 240 1 8
T 55 1 6
L 255 2 6
G 130 1 6
P 197 2 8
P 250 2 9
P 189 4 6
P 164 5 6
T 33 1 9
P 24 1 8
P 146 2 6
P 85 1 6
T 256 2 6
P 81 2 8
P 169 4 6
181 7
56 37 1
J 5 2 7
W 4 5 6
J 20 4 8
W 4 1 4
W 11 1 5
J 19 3 5
J 19 4 2
W 1 3 9
J 17 5 8
W 17 1 9
W 24 4 3
W 11 4 2
W 17 2 4
W 22 4 4
J 20 1 1
W 5 5 9
W 19 4 4
W 10 5 9
J 22 1 4
W 19 5 9
J 7 1 8
W 9 5 5
J 3 3 7
W 17 1 1
W 21 2 7
J 16 1 6
W 13 4 7
W 19 2 1
J 1 5 9
J 19 5 1
W 2 3 8
W 19 1 8
W 21 4 1
W 1 3 7
J 7 4 3
W 7 5 4
W 7 4 6
J 17 5 7
W 1 1 8
W 20 1 1
W 17 5 2
W 23 2 9
W 5 1 6
W 9 4 1
W 5 1 1
W 7 2 9
J 9 1 9
W 5 1 5
W 22 2 5
W 23 3 1
W 7 1 1
W 19 1 1
J 17 3 1
W 19 1 4
W 21 2 6
W 17 2 4
L 239 1 8
T 177 5 6
P 73 1 6
P 123 3 6
P 215 3 8
P 236 5 8
T 130 5 6
T 106 5 8
T 196 2 6
P 87 1 8
P 42 1 8
P 81 1 7
G 147 3 8
P 100 1 6
L 123 1 6
P 82 1 8
L 153 3 9
T 200 1 7
T 232 1 8
T 63 1 6
P 65 3 6
P 220 1 8
G 35 1 9
P 4 1 7
T 201 1 8
P 104 4 8
P 61 2 7
P 105 2 9
P 216 4 9
G 190 1 6
G 46 4 6
T 121 5 6
T 241 4 9
P 85 5 9
P 173 1 7
P 129 3 6
L 196 1 6
156 9
16 48 5
W 8 5 1
W 3 1 1
W 9 2 5
W 5 2 7
W 1 4 7
W 6 2 7
J 1 2 7
W 7 1 1
J 10 4 6
W 9 3 1
J 9 5 5
W 7 1 7
W 1 1 5
W 6 1 5
J 6 4 5
W 4 3 6
P 93 1 8
T 26 4 6
P 15 5 6
T 90 3 7
P 28 3 7
G 97 4 8
P 36 1 6
L 34 5 6
P 45 1 8
P 75 3 9
P 28 4 6
P 68 1 6
P 3 3 8
G 84 5 7
P 45 1 6
T 101 1 8
P 94 2 6
T 47 5 6
P 76 3 8
P 45 4 6
P 66 5 8
P 99 2 6
T 85 4 7
P 37 5 6
G 7 2 8
G 68 2 8
L 31 4 7
P 73 1 9
P 10 2 7
P 38 4 9
P 28 1 9
P 1 2 6
P 34 4 7
P 11 3 8
L 57 3 8
L 73 1 8
G 26 1 6
L 17 3 8
P 9 1 6
P 53 1 8
T 48 3 7
L 77 2 6
T 29 3 9
L 64 1 6
G 13 4 7
P 64 2 6
T 91 1 8
G 3 5 6
34 1
40 6
11 6
88 1
43 1
1 5 6
J 5 1 8
P 20 3 6
P 35 3 7
T 42 3 8
T 9 2 6
P 17 3 8
39 7
40 1
4 1
25 1
15 4
35 7
61 41 3
W 1 4 1
J 1 2 1
J 1 3 7
J 1 4 1
W 1 4 9
W 1 1 1
W 1 1 9
W 1 1 9
W 1 5 4
J 1 1 8
W 1 1 4
W 1 1 3
W 1 2 4
W 1 1 9
W 1 5 8
W 1 1 1
W 1 1 2
W 1 2 1
W 1 4 1
W 1 1 1
W 1 1 1
J 1 4 1
W 1 3 4
J 1 1 5
W 1 1 9
W 1 1 4
W 1 2 7
J 1 1 1
W 1 1 1
W 1 3 6
W 1 5 8
J 1 1 2
W 1 1 6
W 1 1 4
J 1 3 7
W 1 5 3
W 1 2 2
J 1 5 4
W 1 3 9
W 1 2 4
W 1 2 6
J 1 2 6
W 1 3 7
W 1 4 8
W 1 5 7
W 1 1 3
W 1 5 5
J 1 2 7
W 1 3 2
W 1 1 1
W 1 2 4
W 1 3 4
W 1 1 1
W 1 3 1
W 1 1 4
W 1 3 6
J 1 1 4
W 1 3 1
J 1 2 7
J 1 3 1
J 1 5 2
L 1 3 8
G 1 3 6
P 1 4 8
P 1 4 6
P 1 2 8
G 1 2 9
P 1 5 6
P 1 4 6
P 1 5 6
T 1 1 8
P 1 5 6
P 1 1 6
T 1 1 6
L 1 3 6
P 1 2 9
P 1 1 7
P 1 2 6
T 1 3 8
P 1 1 8
T 1 5 6
G 1 2 6
T 1 1 8
T 1 1 6
L 1 2 7
L 1 4 8
G 1 1 8
T 1 1 6
T 1 2 6
P 1 1 6
P 1 2 9
P 1 3 6
P 1 3 6
L 1 4 9
T 1 1 9
G 1 5 7
P 1 4 8
P 1 5 6
G 1 1 9
P 1 5 7
P 1 1 8
P 1 3 9
1 7
1 1
1 7
3 39 1
W 7 5 1
W 2 1 7
W 6 5 9
T 49 1 6
G 18 3 8
T 12 5 6
L 91 1 9
T 7 5 6
T 43 1 6
T 79 5 6
P 103 5 6
P 34 5 6
P 53 1 6
P 5 1 6
P 72 5 9
P 54 4 6
T 3 5 6
P 92 2 6
L 104 3 9
T 78 4 6
T 91 4 8
L 67 2 6
P 82 5 6
T 38 2 6
P 25 1 9
G 22 4 7
P 91 1 8
P 17 3 6
T 76 4 6
L 100 1 6
G 18 3 7
L 49 4 7
P 70 1 8
L 83 2 7
P 4 5 8
P 106 1 8
P 54 5 6
P 72 3 6
P 20 1 6
L 85 2 7
P 40 4 8
T 64 1 8
31 7
1 49 1
W 22 1 5
P 13 1 6
P 46 4 6
L 271 3 8
G 118 3 6
P 121 1 8
P 23 4 9
L 281 2 6
L 70 3 6
T 214 2 9
T 288 2 6
P 119 5 8
T 90 5 6
G 211 2 6
G 182 3 9
G 186 1 8
P 271 1 6
T 40 1 9
P 212 2 8
L 161 4 8
T 267 5 8
P 286 5 6
P 111 3 7
P 130 1 6
P 56 5 8
G 72 5 7
P 72 1 6
P 123 1 6
L 208 2 6
P 174 4 6
T 265 4 8
P 201 3 6
T 181 5 7
P 163 2 6
P 122 1 9
L 294 5 8
P 252 4 6
P 166 1 7
G 266 1 6
P 176 2 6
P 241 5 7
G 159 5 8
G 132 5 6
P 116 1 6
G 126 5 8
T 141 1 6
G 231 2 6
T 49 3 7
T 256 5 9
P 228 5 8
118 7
89 31 9
W 5 4 7
W 5 4 7
J 9 5 9
W 4 1 1
W 5 4 4
W 16 1 3
J 1 1 5
W 8 5 1
W 1 5 4
W 11 5 3
W 10 5 4
J 10 3 1
W 10 1 4
W 3 3 8
W 13 5 2
W 14 1 2
W 1 1 7
W 8 5 1
W 4 1 9
J 10 5 2
W 18 1 8
W 13 4 7
J 19 3 9
W 7 5 4
W 1 2 1
W 11 1 7
J 14 4 3
W 17 2 7
W 19 1 4
W 5 1 4
W 6 1 9
W 10 2 5
W 9 1 8
W 6 1 3
W 17 5 1
J 11 3 9
J 8 5 4
W 18 1 6
W 12 2 7
W 12 1 7
W 2 1 7
J 14 4 9
W 15 5 7
W 6 2 2
W 12 3 8
W 16 4 1
W 17 5 7
W 1 4 4
W 19 3 8
W 1 4 8
W 7 5 4
W 6 3 8
W 15 2 2
W 17 5 6
J 5 3 1
W 6 1 2
W 8 1 4
W 13 5 3
W 2 2 2
J 14 1 4
J 5 2 2
W 2 1 1
W 15 2 6
W 18 3 4
J 13 2 6
W 8 1 4
W 2 4 1
J 17 4 1
W 1 5 2
W 11 1 3
W 18 2 3
W 13 2 2
W 14 1 1
W 19 5 2
W 14 1 1
W 16 1 1
J 19 3 2
W 8 5 4
W 13 3 2
W 10 1 4
W 11 5 5
W 7 1 1
J 18 1 1
W 11 5 1
J 5 5 4
W 13 2 9
W 9 1 2
W 6 1 4
J 1 1 1
T 148 4 9
L 32 4 8
P 147 1 9
L 191 4 6
T 174 3 8
L 122 4 7
T 42 4 6
P 79 5 7
P 68 1 8
P 148 4 7
P 9 3 6
G 140 4 6
L 60 1 6
L 181 1 9
P 128 1 8
G 79 5 6
P 137 5 8
P 26 4 8
P 73 1 8
L 58 3 6
T 25 1 8
G 34 1 8
L 33 2 9
G 150 5 8
P 115 1 6
T 157 1 6
L 90 5 6
P 180 2 6
L 92 3 7
T 91 1 8
T 84 1 8
126 7
16 1
44 5
118 3
16 1
187 4
61 1
19 8
13 2
41 41 3
J 5 5 7
W 7 1 1
J 10 1 1
W 16 3 6
W 15 4 9
J 9 4 8
J 23 2 6
W 11 1 1
J 7 1 7
W 14 4 1
J 18 1 9
J 23 4 1
W 5 1 7
W 21 4 5
J 3 5 3
J 5 1 6
W 11 4 8
J 2 1 6
W 3 4 7
J 6 3 3
J 23 4 5
W 15 1 1
W 11 1 7
W 11 1 7
W 24 1 7
W 19 4 6
W 10 1 4
W 6 4 4
W 21 1 7
J 12 2 3
W 8 3 2
W 8 3 5
W 16 5 1
J 22 3 7
W 13 1 4
W 11 5 9
W 21 3 1
W 9 1 4
W 3 2 1
J 11 1 8
J 23 1 7
P 173 5 9
P 191 1 8
P 48 4 7
L 239 1 6
T 136 2 6
P 90 1 6
P 248 1 6
T 125 5 8
L 17 4 6
T 131 1 8
T 15 4 8
G 191 1 8
G 57 5 6
P 21 2 8
T 57 1 6
T 133 1 6
P 124 1 8
P 185 4 8
T 121 5 6
P 162 5 6
G 5 1 6
P 33 1 7
T 88 4 8
T 102 2 8
P 129 2 7
P 50 1 6
G 229 5 6
P 63 1 7
L 158 4 6
T 53 1 7
L 109 2 6
L 99 4 8
P 87 2 6
T 253 2 9
P 55 1 9
T 185 1 8
T 225 1 6
P 175 1 6
P 148 1 6
T 9 1 8
P 28 5 8
211 1
69 3
191 4
31 25 1
W 1 1 6
J 1 5 1
W 1 5 5
J 1 2 1
W 1 1 2
J 1 1 1
W 1 2 7
J 1 3 9
W 1 1 1
W 1 5 5
J 1 3 4
W 1 2 5
W 1 1 1
W 1 1 4
J 1 1 1
W 1 5 1
W 1 1 3
J 1 1 7
W 1 1 7
W 1 4 3
W 1 2 8
J 1 3 1
W 1 3 6
W 1 4 7
W 1 4 4
W 1 1 3
W 1 4 5
W 1 5 2
W 1 2 4
W 1 1 8
W 1 5 7
T 1 1 6
T 1 5 6
P 1 5 6
G 1 1 8
P 1 5 6
L 1 4 6
L 1 2 6
L 1 1 8
P 1 1 9
T 1 1 8
G 1 3 6
T 1 4 6
G 1 5 8
T 1 3 6
T 1 1 6
P 1 5 8
P 1 5 6
P 1 3 6
L 1 4 8
L 1 1 7
T 1 1 6
P 1 1 8
L 1 3 8
P 1 5 8
T 1 3 8
1 1
25 29 10
J 24 1 2
W 18 2 7
W 9 3 1
J 14 2 8
W 2 4 8
W 11 1 4
J 14 5 3
W 1 5 9
W 1 1 9
W 22 3 7
W 3 4 1
W 5 5 6
W 9 1 6
W 22 1 5
W 11 2 7
J 21 1 9
W 8 2 4
J 25 1 1
W 17 3 1
W 12 2 4
W 24 1 3
W 18 3 5
W 23 3 1
W 26 3 1
W 24 5 2
P 55 3 6
P 169 3 6
T 1 5 8
T 81 3 6
P 59 4 6
T 80 2 6
T 11 2 6
T 210 1 6
P 271 1 8
P 101 5 9
L 244 1 8
G 165 2 7
P 181 1 8
P 214 1 6
G 70 2 6
P 137 5 7
T 89 1 6
P 221 4 9
P 70 1 6
P 249 4 7
P 111 5 9
T 81 3 8
G 153 3 6
G 193 4 8
T 241 3 6
T 191 3 6
T 271 1 7
P 289 4 9
P 155 4 9
15 1
85 6
226 1
22 5
141 4
131 6
258 5
1 6
42 2
66 7
73 25 1
W 1 5 1
W 4 4 2
J 3 3 7
W 7 1 7
W 4 3 2
J 1 1 5
J 4 2 4
W 7 1 9
J 5 1 1
W 7 3 9
W 7 1 2
W 4 5 2
J 3 2 9
W 2 4 7
W 1 3 3
J 7 3 1
J 7 1 1
W 1 1 1
J 1 2 6
J 3 1 1
W 5 1 6
W 2 1 3
J 5 5 1
W 7 1 3
W 1 3 7
W 7 3 4
J 5 2 7
W 3 1 4
W 1 5 1
W 4 3 4
W 4 4 5
W 1 1 5
J 5 4 7
W 3 1 1
W 5 2 6
W 1 3 4
W 5 1 7
W 1 2 1
W 5 1 9
W 1 3 2
W 3 2 6
J 1 5 1
W 8 5 1
J 3 1 1
J 5 4 7
J 1 1 1
J 1 4 9
J 8 5 7
W 6 4 4
W 1 1 2
W 5 1 1
J 3 3 7
W 7 1 7
J 6 1 1
W 1 4 2
W 1 5 4
W 1 3 6
W 5 4 4
W 1 2 1
J 1 5 4
W 6 3 4
W 1 1 7
W 1 4 5
W 1 4 1
W 1 2 1
J 1 1 7
W 3 4 1
W 4 2 1
W 1 3 9
J 5 4 1
J 2 1 6
J 3 3 5
W 5 5 1
L 28 4 7
P 43 3 9
P 19 2 6
T 9 3 6
P 52 1 6
L 31 3 7
P 11 1 6
P 73 1 9
P 70 3 6
T 11 1 6
G 75 1 8
P 37 1 6
P 25 5 8
G 71 5 6
P 79 1 6
T 29 1 6
P 77 5 8
T 81 1 9
P 27 3 8
P 1 5 9
L 52 1 8
P 3 5 9
P 69 5 6
P 36 4 6
T 33 1 8
19 4
81 43 9
W 1 1 4
J 4 4 5
J 1 4 1
J 4 3 8
W 7 1 1
W 5 4 2
W 1 1 7
W 4 5 1
W 1 5 4
W 9 2 3
W 5 1 3
W 1 1 1
W 9 1 2
J 4 1 5
W 7 1 2
W 7 2 6
J 9 2 1
W 1 4 1
W 2 3 7
W 4 5 5
W 1 4 3
W 2 1 1
J 3 1 8
W 8 1 1
W 1 5 3
W 4 5 5
W 9 5 4
J 1 4 7
J 1 1 9
W 7 3 6
J 3 5 7
W 8 1 7
J 4 3 1
J 4 4 1
W 4 4 7
W 7 5 2
W 1 1 9
W 4 2 4
W 3 3 3
W 1 4 1
W 2 3 7
W 1 4 9
W 8 5 1
W 1 5 5
W 4 2 4
J 7 4 7
J 7 5 7
W 5 3 1
W 6 3 2
W 4 2 1
W 1 3 7
J 7 4 1
J 6 1 7
W 9 3 6
W 1 1 1
W 7 1 9
W 1 2 3
W 4 1 1
J 5 1 1
W 2 5 1
J 3 1 1
W 4 1 1
W 7 5 2
W 4 2 1
W 2 2 8
J 5 4 8
W 7 1 4
W 1 3 9
J 2 1 7
W 4 5 6
W 9 2 2
J 7 4 4
W 4 1 5
W 7 2 1
W 1 4 4
W 5 1 1
W 1 5 3
W 1 1 8
W 1 1 5
W 8 4 1
J 3 5 8
P 76 3 9
L 83 1 6
T 22 5 9
P 57 1 6
L 20 3 6
T 35 5 8
P 64 2 7
G 82 5 6
T 44 3 7
T 47 5 7
P 68 4 7
T 49 5 7
L 90 4 6
G 73 1 8
G 1 4 8
P 70 4 8
P 37 1 8
T 1 4 6
P 84 4 6
T 47 5 6
T 65 1 6
T 73 1 6
P 22 4 9
P 45 1 6
P 43 1 7
T 61 4 6
P 64 5 7
P 47 1 6
P 7 4 6
T 27 4 8
P 69 4 6
P 74 1 8
T 33 3 6
G 64 3 6
G 56 1 7
P 66 2 8
P 1 2 6
T 90 2 8
L 14 4 8
T 68 4 6
P 50 5 6
L 42 1 6
T 11 1 6
53 1
42 6
42 2
82 5
78 8
51 8
9 7
15 9
63 6
61 39 3
W 7 4 5
W 1 4 8
J 1 1 1
W 1 1 1
W 1 1 7
J 2 2 7
J 1 2 1
J 1 5 2
W 5 2 1
J 1 4 1
W 4 1 1
J 1 1 5
W 4 4 7
W 7 3 4
J 5 3 1
W 1 2 7
W 7 1 7
W 3 1 4
W 1 3 5
J 1 3 2
W 3 4 1
W 1 1 1
J 7 4 2
W 1 4 1
W 7 4 6
W 4 1 2
W 3 1 8
J 7 1 1
W 3 3 6
W 8 3 1
W 1 1 4
W 3 2 1
J 3 5 4
W 5 3 4
W 7 5 7
W 1 2 2
W 5 1 1
J 1 4 7
W 7 5 2
W 5 3 3
W 5 2 8
J 5 1 1
J 5 5 3
W 3 5 1
W 1 3 8
W 7 1 4
J 2 5 4
W 1 1 6
W 5 3 3
W 3 5 4
W 3 3 1
J 1 1 1
W 5 1 8
W 7 5 7
W 2 4 1
J 3 1 7
W 3 5 7
W 3 4 3
W 5 1 1
W 3 3 1
W 1 1 3
T 14 5 6
T 43 5 9
L 16 2 6
T 13 2 6
L 9 1 6
P 11 3 6
P 21 3 6
L 82 2 8
T 67 1 6
G 78 1 8
P 54 1 6
G 28 1 6
P 74 1 6
G 17 5 6
G 12 1 8
P 45 4 9
G 44 4 6
G 81 1 6
P 49 2 6
G 31 1 6
G 16 2 9
T 3 3 6
T 57 3 6
T 37 1 9
G 64 1 6
L 14 1 6
G 29 1 6
P 43 1 6
P 76 3 6
T 29 5 6
T 52 1 8
L 41 1 6
T 77 3 8
T 26 2 9
P 68 3 6
L 10 4 6
P 84 1 6
G 8 1 8
P 37 5 9
50 3
39 6
5 1
73 17 1
W 1 1 4
W 1 1 2
W 1 4 7
W 1 3 7
J 1 3 2
J 1 1 1
W 1 1 8
W 1 1 6
J 1 4 8
W 1 4 8
W 1 1 2
W 1 3 1
W 1 2 4
W 1 5 6
W 1 1 7
W 1 3 2
W 1 4 1
W 1 2 4
W 1 5 9
J 1 5 7
W 1 3 4
W 1 5 1
J 1 2 5
W 1 4 3
W 1 4 1
W 1 5 4
W 1 3 1
W 1 1 4
W 1 1 9
J 1 3 8
J 1 3 8
W 1 5 9
W 1 5 1
W 1 1 9
W 1 2 4
J 1 3 7
J 1 3 2
J 1 1 9
J 1 2 2
W 1 5 3
W 1 2 5
W 1 1 7
J 1 1 1
W 1 3 5
W 1 5 8
W 1 5 9
W 1 4 1
W 1 1 7
W 1 5 1
W 1 1 4
J 1 2 7
W 1 2 7
W 1 1 8
W 1 5 4
W 1 5 9
J 1 4 1
W 1 5 7
W 1 1 1
W 1 1 3
W 1 4 1
W 1 1 1
W 1 3 3
J 1 1 2
J 1 1 6
W 1 4 4
W 1 1 5
W 1 1 1
J 1 1 4
W 1 2 7
W 1 2 1
W 1 1 4
J 1 1 3
W 1 3 4
P 1 1 8
P 1 4 6
P 1 1 6
T 1 1 7
P 1 1 8
T 1 1 8
P 1 1 8
P 1 5 9
P 1 1 6
P 1 4 6
P 1 5 7
P 1 4 6
L 1 1 8
T 1 1 8
L 1 3 8
T 1 2 8
P 1 5 6
1 9
87 47 3
W 9 4 2
W 1 4 8
W 1 4 6
W 5 1 1
J 4 5 1
W 4 3 4
W 6 1 1
W 6 1 4
J 8 1 7
J 7 1 9
J 13 1 9
W 10 1 3
J 9 2 1
W 16 4 9
W 12 1 5
W 5 1 4
W 5 1 7
W 3 3 1
W 15 1 6
J 9 3 7
J 7 1 7
W 1 1 9
J 8 4 5
W 3 2 6
W 13 2 1
W 9 3 8
W 1 4 9
W 14 1 6
J 3 4 7
J 6 5 7
W 5 5 7
W 8 2 1
J 11 4 7
W 9 1 1
W 5 5 6
W 16 5 4
W 1 4 1
W 15 1 8
W 7 4 2
W 9 4 9
W 1 3 1
W 5 5 1
W 7 4 1
J 6 4 2
J 11 2 1
W 5 1 1
J 4 1 4
W 2 3 3
W 8 3 8
W 3 4 9
J 4 5 8
W 1 1 1
W 9 4 7
W 2 3 5
W 1 4 6
W 4 1 1
W 1 1 4
W 1 1 1
W 16 1 9
W 3 2 6
J 9 2 7
W 13 1 5
W 13 1 3
W 11 3 3
J 7 1 1
J 1 5 3
W 3 2 7
W 1 1 6
J 9 4 7
W 9 1 1
W 15 2 7
W 5 5 6
W 9 4 1
W 1 4 6
W 5 4 7
W 7 4 6
J 14 2 7
J 15 5 7
W 4 2 8
W 5 3 1
W 2 5 9
W 15 5 1
W 1 2 1
J 9 1 8
J 5 1 1
W 16 1 9
W 1 5 5
P 68 4 6
T 141 1 6
P 136 3 8
T 149 2 8
L 8 3 6
G 111 4 6
P 40 2 6
T 126 4 9
T 77 2 7
P 135 1 8
T 30 4 6
P 99 5 6
P 89 5 9
P 26 2 6
P 16 2 7
T 69 5 6
P 142 3 8
L 106 4 9
G 144 1 6
P 115 3 8
P 100 2 6
G 43 1 6
P 6 3 8
P 126 5 6
G 88 3 7
T 106 5 8
P 23 1 6
P 36 5 6
L 16 4 9
P 56 1 6
P 157 1 6
P 109 4 8
P 15 4 6
L 109 4 6
L 43 1 8
P 128 1 8
P 46 5 8
G 121 1 6
P 1 1 6
P 125 5 7
P 21 3 7
P 76 5 6
T 75 1 6
T 1 1 8
T 31 2 6
G 1 1 9
T 1 3 6
151 9
148 4
157 9
1 39 6
W 28 4 4
G 1 5 9
P 97 3 9
P 71 4 6
T 241 1 6
G 28 3 6
P 97 4 6
T 155 1 7
T 147 1 9
P 286 1 8
P 81 4 6
P 82 1 6
T 9 1 8
P 159 1 6
P 265 1 8
T 295 2 6
P 261 5 6
G 110 1 6
P 80 1 8
G 165 4 8
P 145 3 6
P 87 1 7
T 25 3 8
T 255 5 6
P 186 1 8
P 273 2 7
T 26 1 8
G 229 5 6
P 63 5 6
G 107 1 6
P 35 1 6
L 175 4 9
L 241 4 9
L 51 1 6
P 280 5 6
L 106 5 6
L 293 1 9
G 143 5 8
P 183 2 8
T 273 1 6
80 4
192 5
125 9
294 8
21 4
273 1
66 19 7
W 26 5 4
W 5 3 3
J 13 1 1
W 15 3 6
J 11 1 2
W 5 3 9
J 19 4 7
W 21 2 4
W 5 5 5
W 15 5 4
W 17 5 5
W 8 1 3
W 7 4 4
W 13 3 2
W 17 5 6
W 12 5 2
J 1 3 6
W 15 1 9
W 24 1 6
W 9 3 6
W 23 4 1
W 21 4 7
J 7 1 9
J 18 4 9
W 9 5 1
W 26 5 7
W 1 1 3
J 21 1 9
W 21 4 5
W 9 1 6
W 1 5 7
J 17 1 2
W 19 4 1
W 15 2 5
W 18 2 7
W 7 1 7
J 11 1 1
W 25 4 5
W 1 2 1
W 1 5 1
W 17 2 4
W 23 5 3
W 1 5 8
J 17 3 7
J 15 1 4
J 10 1 1
W 15 2 4
J 3 4 5
J 8 2 8
W 9 1 1
J 17 1 1
W 24 3 1
W 13 2 2
W 14 5 4
W 1 2 8
W 6 3 9
W 1 4 7
W 8 2 6
J 17 1 5
W 5 2 5
W 5 4 1
W 1 1 3
W 19 4 3
J 9 2 4
W 20 4 7
W 14 1 1
P 233 3 9
G 51 3 6
P 277 1 8
P 205 3 7
G 49 1 7
T 28 5 6
L 87 4 8
P 91 1 8
T 249 1 6
P 36 1 6
P 28 5 8
P 37 4 7
P 55 2 6
T 273 1 6
P 95 1 6
T 35 1 6
L 23 5 6
G 265 2 6
G 98 1 6
19 5
276 5
274 9
207 2
271 8
271 7
82 7
1 25 5
W 22 1 4
T 267 5 6
P 14 3 7
T 54 5 6
T 110 1 6
P 55 4 9
L 245 1 8
L 67 1 6
G 181 1 8
G 46 1 7
P 259 2 6
T 128 2 9
P 13 5 6
P 85 4 8
P 55 5 6
P 19 1 6
P 30 3 8
G 10 1 9
P 108 1 6
P 259 1 9
P 221 2 8
T 21 4 6
P 26 5 6
G 241 4 7
P 239 1 9
G 209 4 6
55 9
172 5
242 9
84 3
7 7
44 41 3
W 10 4 3
J 11 5 7
W 13 3 4
W 1 1 4
W 5 5 1
W 4 1 4
W 1 5 3
W 5 3 4
W 11 4 8
W 13 5 2
W 10 1 3
W 13 1 1
W 11 3 1
W 1 1 1
W 10 4 6
W 1 2 4
W 7 3 9
J 1 4 4
W 1 1 6
W 17 1 2
W 11 1 1
W 17 4 2
W 5 5 7
W 4 5 1
W 5 1 1
J 13 2 3
W 15 1 5
W 1 1 9
W 7 1 6
W 10 5 7
W 7 1 9
W 11 1 7
W 10 4 6
W 5 2 1
W 13 4 4
W 7 1 7
W 11 2 5
W 7 1 4
J 9 4 1
J 7 5 6
W 7 1 1
W 9 4 1
W 13 1 5
W 7 5 4
L 1 3 6
P 138 2 6
L 141 5 6
L 102 1 6
P 79 4 8
P 96 1 7
P 27 1 8
P 30 4 8
P 130 1 6
P 102 5 9
T 170 5 7
P 164 1 6
P 152 5 9
P 104 5 6
P 150 5 6
P 34 2 6
P 147 1 6
P 38 1 9
T 54 1 6
G 146 2 8
L 30 1 6
L 154 4 6
P 101 3 9
P 143 5 6
L 80 2 6
P 1 1 7
T 135 2 6
L 151 1 9
T 28 2 9
P 47 1 6
G 12 1 6
L 181 5 6
L 33 3 8
P 172 5 6
G 66 4 7
P 160 5 9
P 65 2 9
T 130 1 6
P 83 1 6
T 130 1 8
G 50 4 9
153 4
79 2
100 6
21 23 3
W 10 4 3
J 16 2 8
J 21 1 5
J 7 5 7
W 12 3 9
J 5 2 1
W 24 2 7
W 2 4 1
J 23 1 4
J 16 4 2
W 13 2 2
J 1 1 1
J 17 2 1
W 13 1 7
W 13 5 5
W 19 4 3
J 1 3 7
J 19 1 9
J 1 1 7
W 3 5 1
W 9 3 4
T 199 2 6
P 220 5 6
L 170 1 8
P 169 1 6
P 73 1 7
T 128 4 6
L 57 5 6
P 98 2 6
T 156 3 9
T 195 4 8
L 153 1 6
L 170 1 9
P 163 1 6
T 41 3 9
T 213 1 8
P 14 2 6
P 10 5 6
T 98 4 6
G 14 4 8
P 97 3 8
G 46 1 7
G 201 2 8
P 61 1 6
195 7
156 1
95 1
61 6 5
W 1 3 7
W 1 3 5
J 18 1 6
W 11 1 3
J 2 2 1
W 6 5 6
W 5 5 6
J 9 3 1
W 15 1 9
W 1 4 6
W 8 1 2
W 18 3 4
J 13 5 1
W 6 3 1
W 12 2 1
J 6 2 5
W 4 3 1
W 19 2 4
W 19 5 1
W 6 1 5
W 7 2 1
J 1 1 8
W 18 5 5
W 2 3 4
W 11 1 1
W 18 1 1
W 9 5 1
W 13 1 1
J 7 4 7
W 11 3 7
W 1 5 4
W 14 4 7
W 1 3 2
W 16 3 1
W 6 5 9
W 18 1 4
W 5 4 3
W 10 1 7
W 15 3 8
W 16 1 1
W 16 1 7
W 8 4 7
W 14 4 4
J 13 1 7
W 12 4 8
W 14 1 5
W 12 1 3
W 7 1 1
J 10 1 8
W 5 1 5
W 13 1 5
J 1 1 1
W 7 2 5
J 13 1 4
J 17 3 9
J 11 2 1
J 2 1 4
W 1 5 1
W 7 2 2
W 18 1 8
J 10 5 1
T 71 4 8
T 165 4 7
T 165 5 8
P 34 5 6
T 112 5 6
G 154 4 7
95 3
62 6
126 2
119 3
15 3
19 30 1
J 1 5 5
W 1 2 9
W 1 1 8
W 1 3 4
W 1 5 1
W 1 4 1
W 1 5 4
W 1 5 1
W 1 3 4
W 1 5 9
W 1 1 5
W 1 4 1
J 1 5 4
W 1 1 9
W 1 3 2
W 1 5 6
J 1 1 7
W 1 4 1
J 1 3 7
P 11 1 6
G 6 4 6
P 14 4 6
P 13 3 8
P 11 1 6
P 15 5 6
P 13 2 8
P 9 3 8
L 16 1 7
L 1 3 6
T 11 1 6
G 7 1 9
P 16 1 8
P 1 1 6
T 9 5 6
P 12 5 8
P 1 4 8
P 7 2 7
L 1 1 6
P 10 3 9
P 9 4 8
P 8 5 9
G 13 1 7
P 5 1 7
T 6 2 6
P 11 2 6
P 8 1 8
T 9 5 6
P 15 1 9
P 12 1 7
13 6
41 31 1
W 11 1 1
W 13 3 1
W 3 3 5
J 15 1 2
W 2 1 2
W 19 1 2
W 12 4 2
W 5 3 8
J 17 2 1
W 1 2 8
W 18 1 2
W 13 3 7
W 18 3 4
J 1 1 6
J 23 1 5
J 1 1 8
W 23 4 1
W 12 1 7
W 5 1 7
W 4 2 1
J 21 5 1
W 22 1 7
W 3 5 7
W 1 1 1
J 18 2 8
J 15 5 1
J 17 1 5
J 14 3 1
W 9 5 1
W 11 1 1
W 7 3 4
W 21 1 6
W 23 1 6
W 11 1 8
W 15 5 5
W 2 1 6
W 14 1 7
W 21 2 7
J 7 1 2
W 9 5 7
J 6 5 2
P 161 1 8
G 184 5 6
L 193 5 8
L 46 1 9
G 9 2 6
P 126 1 6
G 140 5 8
T 119 1 6
P 90 1 7
P 255 2 6
P 73 1 8
P 215 2 7
P 249 1 6
L 249 3 8
T 103 1 6
G 148 1 7
P 223 1 9
T 214 1 6
P 225 5 6
T 87 2 6
G 45 1 8
G 98 2 8
P 261 4 8
T 89 1 9
P 216 1 7
P 6 1 6
T 259 3 8
P 196 5 8
T 152 2 6
T 76 3 6
L 104 3 6
11 4
57 7 8
W 4 4 2
W 4 2 5
W 3 1 1
W 1 5 4
J 1 3 8
J 4 1 1
W 1 4 4
W 1 4 2
W 1 3 7
W 2 3 4
W 3 4 3
W 1 2 7
W 1 1 1
W 1 1 6
W 1 1 1
W 2 5 1
J 4 1 7
W 5 1 4
J 1 5 7
W 5 5 1
J 2 4 1
W 2 5 1
W 3 1 3
W 1 1 4
J 1 5 2
W 1 1 1
J 3 2 4
W 1 3 8
W 1 2 3
W 1 5 5
W 3 1 7
W 5 1 1
J 1 3 8
W 3 4 4
W 1 1 4
W 4 1 8
W 4 2 1
W 2 1 1
J 1 4 4
W 1 1 3
W 1 5 7
W 4 1 7
J 5 1 8
J 4 3 1
W 4 3 3
J 1 4 7
J 2 5 1
W 3 3 7
W 4 1 4
W 4 1 2
W 3 5 1
J 2 1 5
W 1 1 1
W 1 3 6
J 1 3 1
W 1 5 1
J 5 3 7
P 2 1 8
T 42 1 9
G 31 2 6
P 33 3 6
L 44 1 7
P 40 3 7
P 18 1 7
50 8
4 4
40 1
25 4
18 3
39 3
12 7
4 7
93 9 9
W 1 2 8
W 10 5 4
W 4 1 4
W 1 3 4
W 10 4 8
W 8 3 5
W 11 4 7
J 11 2 7
J 10 5 1
W 17 1 8
W 8 5 1
J 18 2 6
J 3 5 4
J 13 1 4
J 7 3 1
W 17 5 8
W 13 2 8
W 16 1 1
W 9 2 7
J 3 1 5
W 13 3 1
W 15 2 2
W 1 4 6
W 7 1 6
W 8 2 6
J 1 3 1
W 7 2 4
J 2 1 3
W 10 1 4
W 11 4 7
W 5 1 1
W 2 2 4
W 14 1 1
W 14 1 2
W 1 5 4
W 17 3 5
J 7 1 7
W 6 3 4
W 9 1 2
W 9 1 8
J 5 1 6
W 7 5 5
J 15 3 1
W 13 1 9
J 1 4 4
W 15 1 9
W 17 4 1
J 9 3 5
J 19 1 9
W 9 5 7
W 14 1 7
J 18 5 1
W 6 1 7
W 1 3 8
W 1 5 7
W 6 5 5
W 2 1 1
J 13 1 4
W 1 4 4
W 3 1 7
W 13 3 1
J 11 3 1
W 12 4 1
J 4 1 1
W 1 3 4
W 11 1 4
J 11 1 1
W 11 2 4
W 7 1 7
J 16 3 7
W 7 2 1
W 19 2 5
W 3 3 7
W 13 1 3
J 16 5 8
J 14 2 1
W 11 3 7
W 1 4 3
W 1 4 4
J 1 2 5
W 5 2 2
J 5 1 1
W 10 4 2
J 2 5 8
J 19 1 7
W 6 1 3
W 1 5 7
W 3 3 3
W 12 5 4
W 13 4 9
W 14 5 9
J 14 5 7
W 12 5 9
G 109 5 6
T 31 2 6
P 99 2 9
P 183 3 8
P 43 3 6
T 155 3 7
P 138 1 6
P 44 1 7
P 89 1 6
34 7
56 1
9 8
189 1
91 4
69 7
71 2
167 4
127 9
50 22 1
W 14 1 1
W 4 2 2
W 15 4 1
W 7 3 1
W 7 4 1
W 12 1 1
W 9 1 3
W 2 1 1
W 13 5 2
W 15 1 1
W 12 4 4
W 5 3 4
W 7 5 1
W 7 1 3
W 21 1 1
W 10 4 1
W 12 3 4
W 1 5 2
J 5 1 1
W 11 1 3
W 17 3 8
W 20 1 7
J 9 2 1
J 1 3 2
W 12 1 9
J 22 5 1
J 8 1 1
W 13 3 2
W 21 2 1
W 8 3 9
J 7 1 1
W 1 2 7
W 13 3 1
W 1 1 7
W 1 1 1
J 5 1 6
J 1 3 7
W 15 2 2
J 17 5 1
J 6 1 4
W 15 3 1
W 19 1 8
W 11 1 5
J 1 2 3
W 17 1 6
W 5 4 2
W 6 1 8
J 3 1 1
W 11 4 4
W 19 5 4
G 196 2 8
P 172 4 6
P 24 2 7
P 142 3 9
P 45 2 6
T 44 1 8
L 101 1 6
T 69 1 6
L 74 1 6
G 83 1 6
P 27 3 6
T 90 3 6
L 103 4 8
T 32 1 8
T 119 2 6
P 14 1 7
P 35 5 6
T 22 1 8
L 1 4 6
L 118 3 8
P 211 1 7
T 127 4 7
95 1
71 21 5
W 8 3 6
W 7 1 4
W 9 3 7
W 2 2 1
W 8 2 2
W 11 1 7
W 15 5 2
J 22 3 6
W 18 4 7
W 20 1 1
J 1 4 6
W 9 2 1
W 14 1 4
W 1 1 6
W 22 2 1
J 8 1 5
W 2 1 7
W 19 1 2
W 1 1 4
W 2 2 1
W 12 5 4
W 19 1 1
J 14 1 9
J 23 1 4
J 18 1 1
J 16 2 4
W 21 4 5
W 16 5 3
W 23 5 7
J 20 4 7
J 6 3 1
W 14 2 4
J 14 1 1
J 22 1 1
J 1 1 4
W 10 3 1
W 9 2 4
J 12 3 1
J 5 4 8
J 13 1 4
W 11 5 7
W 11 1 9
W 8 1 1
W 7 4 4
J 16 1 4
W 2 3 1
W 5 5 8
W 2 1 6
J 15 5 7
W 1 2 1
W 5 1 4
W 19 5 3
J 6 5 1
J 15 4 4
W 23 1 1
J 9 1 1
W 15 3 1
W 6 1 9
W 1 4 4
W 11 5 7
J 16 4 1
W 2 1 7
J 20 1 7
J 23 1 6
W 6 5 7
W 4 2 1
W 15 5 7
W 1 3 6
W 21 1 2
J 11 1 1
W 9 5 8
T 67 5 7
L 46 5 6
P 197 2 6
P 128 1 6
T 197 1 6
P 43 4 6
L 52 3 6
P 220 1 6
P 205 1 8
P 160 1 8
L 213 1 8
L 76 1 6
P 38 1 6
T 106 5 6
T 106 4 6
G 95 1 6
T 166 1 6
L 121 1 9
P 166 3 9
T 130 1 7
T 226 5 6
180 8
208 7
225 4
218 6
83 3
1 38 5
W 1 1 1
G 97 5 8
P 55 1 6
T 15 1 8
P 104 4 9
P 130 3 6
P 1 5 6
G 35 1 8
G 103 2 7
P 14 4 6
P 44 2 9
P 10 4 8
P 96 4 6
P 111 1 6
G 55 2 6
P 8 5 6
P 85 3 8
P 109 4 6
T 126 1 8
T 101 4 8
P 59 5 9
T 93 3 6
G 106 1 6
P 59 5 6
P 67 1 7
P 40 5 7
P 52 5 8
G 59 2 6
P 95 3 8
T 73 2 8
L 48 1 8
P 100 1 9
P 100 1 7
T 61 1 6
T 22 1 6
P 27 5 6
P 22 5 9
P 29 1 9
P 93 5 8
88 5
98 1
62 1
1 6
40 1
67 32 8
J 1 2 1
W 1 3 1
W 1 4 3
W 1 5 6
W 1 5 6
W 1 2 9
J 1 3 1
W 1 2 8
W 1 2 6
W 1 4 1
J 1 3 4
W 1 5 4
J 1 1 7
W 1 4 1
W 1 5 1
W 1 1 3
W 1 4 2
W 1 3 2
W 1 4 7
W 1 1 7
J 1 1 7
W 1 5 9
W 1 2 1
W 1 4 2
J 1 3 5
W 1 5 3
W 1 3 8
J 1 2 3
J 1 3 9
W 1 4 4
W 1 1 7
W 1 2 5
W 1 2 7
W 1 5 4
W 1 5 4
W 1 5 2
W 1 3 1
W 1 3 5
W 1 1 5
W 1 1 9
W 1 1 3
J 1 5 1
W 1 5 8
W 1 1 4
W 1 3 1
W 1 5 1
W 1 1 4
W 1 5 9
W 1 5 4
J 1 5 1
W 1 3 7
J 1 1 1
J 1 3 7
W 1 5 4
W 1 1 1
W 1 1 4
W 1 4 2
W 1 1 7
J 1 1 7
W 1 1 4
W 1 1 6
J 1 4 1
W 1 1 1
W 1 1 1
W 1 2 5
J 1 4 8
W 1 1 5
T 1 5 8
P 1 3 6
P 1 1 6
P 1 4 8
G 1 4 6
L 1 5 6
T 1 1 6
P 1 1 8
P 1 1 7
G 1 1 6
P 1 4 6
P 1 4 8
P 1 1 6
P 1 5 8
P 1 2 6
P 1 1 6
P 1 4 6
G 1 4 6
G 1 1 6
T 1 1 7
L 1 1 8
P 1 2 7
P 1 5 6
P 1 2 8
P 1 4 8
L 1 1 6
G 1 1 6
T 1 1 8
P 1 4 6
T 1 1 6
P 1 2 6
G 1 1 6
1 9
1 8
1 1
1 2
1 3
1 5
1 4
1 4
81 11 7
W 1 3 3
W 1 4 8
W 1 2 7
W 1 4 4
W 1 4 4
W 1 4 1
J 1 5 1
W 1 1 6
W 1 1 6
J 1 5 7
W 1 2 4
W 1 1 7
J 1 3 4
W 1 4 8
W 1 3 8
W 1 3 6
J 1 1 4
W 1 1 7
W 1 3 1
W 1 3 6
W 1 3 4
W 1 1 8
W 1 5 5
W 1 1 6
J 1 3 4
W 1 5 4
W 1 3 4
W 1 1 1
W 1 1 1
W 1 1 1
W 1 4 1
W 1 5 4
W 1 3 6
W 1 2 4
W 1 4 2
W 1 5 6
J 1 1 5
W 1 3 4
W 1 2 4
W 1 5 4
W 1 1 4
W 1 2 1
W 1 1 7
W 1 1 1
J 1 2 9
W 1 3 1
J 1 2 5
W 1 2 1
J 1 5 9
J 1 3 1
W 1 1 4
W 1 1 9
J 1 2 3
W 1 3 7
W 1 4 8
W 1 1 4
W 1 4 5
W 1 5 2
J 1 2 3
W 1 4 1
W 1 1 9
W 1 3 2
J 1 1 5
J 1 5 4
W 1 4 6
J 1 1 9
J 1 5 7
W 1 1 4
W 1 5 7
W 1 4 9
W 1 3 1
W 1 5 9
W 1 1 4
W 1 2 1
J 1 4 1
W 1 3 8
J 1 4 2
W 1 1 8
W 1 1 4
J 1 5 2
W 1 1 4
L 2 1 8
P 1 1 6
P 4 2 8
P 3 5 8
T 1 2 9
L 10 4 9
P 11 1 8
P 1 4 9
T 1 4 6
T 11 5 7
T 11 5 8
3 9
4 2
10 7
8 5
1 3
7 4
1 1
97 5 6
W 24 5 1
W 21 4 7
W 27 2 1
J 26 1 2
W 1 5 2
W 19 1 8
W 10 5 7
W 1 5 1
J 23 1 4
W 19 1 1
J 9 2 4
W 24 5 1
W 24 2 1
W 1 5 5
W 10 1 1
J 22 3 1
W 27 4 1
W 4 4 7
W 4 4 7
W 18 3 6
W 8 4 2
W 12 4 1
W 17 1 2
J 1 4 2
J 22 1 1
W 25 3 2
W 1 5 1
W 13 2 3
W 1 3 8
W 4 2 3
W 8 1 7
W 10 4 2
W 7 5 7
J 3 5 1
W 15 1 2
W 19 1 1
W 22 5 8
J 1 2 3
W 27 2 1
W 2 3 3
W 10 1 7
W 9 1 1
W 26 5 1
W 18 1 1
W 5 1 4
J 20 3 1
W 20 1 6
W 5 1 4
W 1 2 1
W 19 1 7
W 10 5 8
J 10 3 1
W 3 4 7
J 22 5 8
J 1 2 3
J 1 3 3
W 1 2 1
W 4 1 4
W 1 1 4
W 19 2 5
J 17 5 2
W 25 2 5
W 24 4 8
W 4 1 7
W 5 2 7
W 1 5 1
W 25 1 5
W 25 1 3
W 15 1 1
W 23 1 1
J 21 1 6
J 4 2 3
W 13 1 4
J 8 5 8
W 10 4 3
W 27 4 4
W 24 4 3
J 1 2 8
W 27 1 3
J 13 1 2
J 25 1 7
W 7 1 5
J 4 4 7
W 27 5 6
W 4 5 1
W 24 4 4
J 16 1 4
W 24 4 9
W 11 2 4
W 24 2 1
J 20 1 1
W 26 5 5
W 16 1 1
W 11 1 8
J 18 1 8
W 4 2 1
J 3 3 2
P 101 4 6
P 142 2 6
P 59 4 6
T 193 5 8
P 123 1 6
86 1
35 7
109 1
93 3
46 6
91 7
76 52 1
J 7 1 1
W 2 1 9
J 4 4 7
W 4 5 9
W 10 2 1
W 7 2 1
W 13 2 4
W 8 1 6
J 13 2 7
W 9 2 5
W 1 1 2
W 11 3 3
W 2 2 1
W 8 1 1
W 6 1 2
W 13 1 4
W 14 5 6
W 10 5 5
W 6 5 5
W 11 1 8
W 6 5 7
W 9 2 4
W 1 1 1
W 7 4 4
W 1 3 5
W 15 1 1
W 8 1 1
W 12 4 4
J 6 3 6
W 1 3 9
J 4 4 8
W 10 5 6
W 13 1 4
W 6 5 5
W 1 3 1
W 1 5 2
W 13 1 4
W 5 4 1
W 11 4 5
J 6 1 7
W 13 5 7
W 2 5 3
W 6 1 4
W 1 5 7
W 2 3 6
J 12 5 6
W 5 2 1
J 1 4 8
J 9 4 5
W 2 1 7
W 6 5 1
W 5 5 1
W 1 1 2
W 4 4 5
W 4 3 3
J 1 4 2
W 14 5 3
W 13 1 9
W 1 1 8
W 12 3 8
J 15 2 4
W 4 5 3
W 14 1 4
W 1 4 4
J 14 4 5
W 11 5 5
J 3 1 9
W 14 1 8
W 13 4 1
J 6 1 1
W 13 3 5
W 15 1 1
W 3 1 1
W 13 3 5
W 6 1 1
W 7 2 7
P 5 5 7
T 69 5 8
P 139 2 6
G 39 2 6
P 69 3 6
P 103 3 6
P 56 5 7
T 22 2 9
P 87 2 9
P 57 4 6
P 121 3 6
P 114 1 6
P 36 1 6
G 106 1 6
T 17 5 8
P 85 1 8
P 135 1 6
T 48 1 8
T 20 4 7
T 68 3 6
P 95 1 9
P 29 1 8
P 4 1 6
P 5 5 6
G 35 1 9
P 6 3 6
T 123 1 8
P 93 5 6
P 95 4 6
P 145 2 8
P 141 5 6
T 19 1 8
P 38 1 6
P 99 5 9
P 141 5 7
P 58 3 7
L 55 1 8
T 112 1 8
P 50 2 6
T 18 1 6
T 113 3 8
T 113 1 6
P 131 4 6
T 4 1 6
P 131 1 6
P 81 3 6
G 11 1 6
P 93 3 8
P 11 5 6
P 111 4 8
T 127 1 8
P 61 3 9
58 4
97 20 5
W 5 1 1
J 16 5 3
W 11 1 3
W 3 2 7
W 3 1 5
W 15 1 8
W 1 1 4
J 13 1 3
W 5 1 4
W 15 1 7
J 1 1 9
W 1 5 1
W 13 3 8
W 13 5 3
W 15 4 6
W 1 1 1
W 13 2 6
W 1 5 5
J 5 1 8
J 1 1 4
J 7 1 5
W 9 1 4
J 10 1 5
W 1 3 8
J 13 5 9
W 13 4 4
J 17 1 1
W 7 1 1
W 10 3 6
J 13 2 4
W 9 1 7
W 4 2 8
W 5 1 1
W 7 1 4
W 17 2 1
J 1 1 2
W 11 4 4
W 13 4 4
W 1 2 6
W 2 3 7
J 13 5 8
J 15 1 7
W 15 2 1
J 5 1 1
J 5 3 1
J 10 1 8
W 1 1 1
W 13 1 3
W 15 1 2
W 5 1 7
W 9 3 7
W 11 2 1
W 11 1 1
W 13 5 4
W 1 5 8
W 18 2 8
W 5 5 9
J 4 4 6
W 9 2 5
W 1 3 7
W 7 4 1
W 10 3 3
W 10 1 5
W 13 1 6
W 1 1 9
W 3 1 9
W 1 1 6
W 5 5 7
J 16 4 6
W 10 3 1
J 11 1 3
J 2 2 7
W 11 4 3
J 14 1 1
J 15 4 4
J 1 2 3
J 5 3 1
W 13 1 4
W 16 2 9
W 16 1 7
W 6 4 7
W 13 5 6
J 11 1 3
W 18 2 2
W 15 4 4
J 7 4 2
J 15 2 1
W 18 2 3
J 5 5 1
J 10 3 4
W 1 3 1
W 2 1 1
W 7 3 4
W 13 4 1
W 17 1 5
W 3 4 4
W 3 4 4
P 95 1 9
P 174 5 7
P 53 1 7
G 92 3 8
P 140 3 9
P 92 1 6
T 147 5 6
L 108 2 8
T 181 3 9
P 83 1 8
L 55 1 8
P 139 3 6
P 158 1 7
P 53 5 9
P 151 2 7
P 115 3 9
T 113 1 6
T 161 3 6
P 115 5 6
P 173 5 6
119 1
153 4
37 7
162 4
2 6
71 51 7
W 6 1 3
W 6 4 3
W 11 5 2
W 1 1 5
J 11 1 3
W 4 1 4
W 13 2 9
W 5 2 1
J 2 2 1
J 11 1 1
W 11 4 8
W 13 1 1
W 7 5 4
W 8 3 1
J 13 3 1
W 3 2 1
W 2 1 2
W 2 3 8
W 3 1 5
J 5 3 8
J 10 3 8
J 2 2 8
W 2 1 9
W 4 2 4
W 9 1 2
W 1 2 1
J 8 2 4
W 8 3 7
W 4 5 4
W 8 2 4
W 6 1 1
W 10 2 4
J 9 4 1
W 8 2 5
W 8 2 3
J 6 1 1
W 2 1 3
W 9 1 9
W 5 2 4
W 11 5 1
W 8 4 2
J 10 1 5
W 8 1 4
W 3 2 2
J 13 1 1
W 4 5 1
J 6 2 1
W 12 3 3
W 13 4 1
W 12 2 2
W 7 1 6
W 12 5 7
W 8 5 9
W 2 1 9
J 9 2 1
J 12 5 2
W 7 1 6
W 13 1 4
W 3 5 5
J 6 2 3
J 13 2 7
W 4 1 7
W 1 3 1
J 5 2 1
J 2 4 4
W 11 3 4
W 3 3 6
J 3 1 9
W 4 2 1
W 5 1 9
J 13 2 1
P 102 1 8
T 99 2 6
L 91 1 6
P 118 5 8
T 33 1 7
P 126 1 7
L 120 1 7
G 57 4 6
P 3 4 7
T 113 2 8
P 1 1 8
G 78 1 9
T 62 4 9
P 99 1 8
P 55 5 8
P 106 1 6
L 90 3 6
L 19 1 8
T 83 1 6
P 112 5 8
P 131 2 6
P 19 4 6
T 49 4 6
P 57 3 6
P 83 1 6
T 11 2 9
G 95 3 7
P 118 4 8
P 3 1 8
G 78 1 6
L 78 1 6
P 51 3 7
P 101 1 8
P 108 5 6
T 77 1 6
L 67 4 6
T 58 4 6
P 10 4 8
T 66 4 7
T 25 5 8
L 64 1 9
P 76 1 8
L 48 3 8
P 71 5 8
L 93 2 9
P 47 3 6
P 4 4 6
G 98 2 7
P 1 1 6
L 55 3 8
T 20 3 6
104 9
60 1
99 3
53 1
100 2
42 7
112 1
35 6 1
J 1 1 1
W 3 4 7
W 1 1 7
W 4 4 9
W 3 3 7
W 2 1 2
W 1 3 3
J 1 5 9
W 2 1 5
W 1 1 1
W 2 5 4
W 1 3 2
J 4 1 1
W 2 3 1
W 5 1 7
W 3 3 9
W 3 1 3
W 1 3 6
W 1 1 8
J 1 2 3
W 1 2 1
W 4 1 7
J 4 1 1
W 2 2 1
W 3 1 6
W 2 1 1
W 1 5 1
J 4 1 8
W 1 4 6
W 3 1 1
J 1 1 4
J 5 2 9
W 3 1 9
J 2 2 1
W 4 5 1
L 2 1 8
L 4 1 6
T 5 4 8
P 2 1 6
P 1 4 8
G 3 5 6
4 7
2 16 3
W 4 2 3
W 3 3 1
P 28 1 7
T 1 3 7
T 51 1 7
T 51 3 8
P 62 1 8
L 52 3 6
L 49 4 6
G 39 1 7
P 56 2 8
P 33 3 6
G 57 3 8
T 7 4 8
T 32 1 6
P 25 2 9
G 67 4 6
L 27 1 6
29 3
3 4
29 1
26 35 5
W 1 5 2
J 4 1 4
W 1 1 8
W 1 1 1
W 5 3 3
J 1 2 7
W 3 1 4
W 3 5 1
W 1 4 1
W 2 3 1
W 3 5 4
W 1 5 7
J 2 5 9
J 5 2 1
J 3 1 3
W 2 4 1
J 1 3 6
W 2 3 2
W 2 1 1
W 3 5 7
J 1 5 4
W 5 2 7
J 2 5 9
W 4 1 6
W 3 3 1
J 4 4 1
P 11 1 9
P 24 2 9
L 52 5 9
T 23 3 8
P 7 4 6
P 35 5 6
G 9 1 6
G 25 1 6
T 15 2 9
P 21 5 7
P 25 1 6
T 41 4 6
T 17 3 6
G 59 3 8
T 34 1 6
P 46 1 9
T 18 1 6
G 56 4 6
P 37 4 6
P 38 4 6
G 37 4 6
G 45 1 8
T 7 3 6
T 38 3 8
P 35 3 7
T 33 2 6
P 13 1 7
P 16 2 6
P 41 2 8
L 36 4 9
P 47 1 6
T 41 2 8
P 20 3 9
P 14 2 8
P 37 2 7
46 3
33 8
52 8
6 7
38 1
35 38 1
J 2 1 7
J 5 3 6
W 1 1 4
W 1 4 1
W 6 5 7
J 1 1 4
W 1 1 2
W 1 5 5
W 1 1 1
J 3 4 6
W 4 2 3
W 4 4 5
W 1 1 1
W 4 1 1
J 3 4 1
W 1 2 9
W 4 1 3
W 1 1 4
J 1 2 3
W 5 4 1
W 5 3 4
W 6 1 7
J 4 4 1
W 3 5 1
J 1 3 4
W 1 1 4
W 5 5 2
J 1 3 7
W 1 4 1
W 2 1 5
W 1 5 4
W 1 2 8
J 1 4 4
W 2 1 1
W 3 2 1
P 10 2 6
P 57 1 8
L 2 1 7
P 1 4 6
G 29 3 8
G 18 1 6
G 58 2 6
T 46 1 6
P 40 1 6
G 37 1 6
L 13 5 6
T 1 1 8
P 36 3 6
T 34 4 9
L 14 3 8
T 5 5 8
P 52 4 6
G 46 2 6
P 61 1 8
T 37 3 6
P 8 3 8
P 49 5 6
P 26 5 8
L 61 3 8
G 13 5 9
P 55 2 7
G 52 1 9
P 31 1 7
P 27 2 8
L 62 1 8
L 37 3 8
L 44 4 6
T 34 1 6
P 10 2 6
P 34 5 6
L 42 5 6
L 43 5 6
P 40 5 9
61 1
73 27 9
W 1 1 3
W 7 1 5
W 3 1 4
J 2 1 5
W 1 1 1
W 3 1 7
W 1 5 5
W 1 2 7
W 1 4 9
W 7 4 1
J 3 3 1
J 3 5 8
W 3 2 8
W 1 1 1
W 4 4 7
W 1 4 7
W 1 3 5
W 2 1 7
W 1 1 1
W 4 1 7
W 1 2 1
W 2 4 7
W 7 4 8
W 2 4 1
J 4 1 1
W 6 4 4
J 7 2 7
W 3 1 8
W 6 1 1
W 3 1 4
W 5 2 9
W 1 2 1
W 2 1 1
J 5 1 4
W 1 2 1
J 5 2 3
W 1 1 1
W 5 5 4
J 3 2 1
W 6 5 1
W 4 4 2
J 3 1 4
W 3 1 1
W 7 2 6
W 1 1 2
W 7 1 9
J 2 5 5
W 3 2 9
W 2 5 2
W 4 3 5
W 1 3 8
W 2 2 3
W 7 4 6
J 5 2 7
W 6 2 2
W 1 1 1
J 1 4 1
J 1 2 7
J 1 5 4
W 1 1 9
W 3 3 1
J 1 1 4
W 5 2 7
W 4 3 1
J 5 1 4
W 5 5 6
W 3 2 9
W 6 1 6
W 1 5 1
W 1 1 1
J 6 2 7
W 3 2 1
W 5 1 9
L 7 2 6
P 1 3 7
P 5 3 6
P 2 3 6
P 1 2 9
T 5 1 6
P 5 4 8
P 3 2 9
T 6 4 8
L 3 4 8
T 4 4 9
P 2 4 7
L 7 4 6
T 4 1 9
P 3 3 9
T 1 3 7
T 1 3 8
P 4 3 6
T 7 2 6
L 2 4 8
T 4 5 6
P 4 4 8
T 1 5 7
T 2 4 6
T 3 2 7
G 1 1 9
P 5 5 6
3 4
6 8
1 5
6 1
7 4
6 1
2 1
1 4
5 4
73 44 3
W 3 4 5
W 13 5 3
W 9 3 4
W 6 4 3
W 2 5 9
W 7 1 6
W 8 1 1
W 12 5 8
W 1 1 1
W 11 5 1
J 13 1 7
W 7 4 1
W 1 1 4
W 9 2 8
W 7 1 1
W 1 5 4
W 4 1 7
W 12 5 5
J 9 1 8
W 4 1 1
W 10 5 7
J 13 3 1
W 6 2 4
W 10 1 1
W 6 5 7
J 9 5 3
W 6 1 2
W 3 2 6
W 1 3 1
W 6 3 6
J 8 2 7
W 13 2 6
W 4 3 2
J 3 3 6
W 5 1 9
W 8 4 7
W 11 2 4
W 1 1 1
W 5 2 3
W 13 3 1
J 7 1 1
J 7 2 7
W 13 3 7
W 1 5 9
W 1 3 3
J 9 1 7
W 12 5 6
J 2 3 1
W 11 3 1
W 2 1 7
W 4 1 6
W 12 3 5
W 5 2 3
W 8 1 4
W 2 1 3
W 1 2 4
W 3 3 1
W 13 1 6
W 13 2 4
W 13 2 1
W 2 5 9
W 8 2 2
W 5 2 7
J 4 4 9
W 13 2 4
W 7 1 1
W 9 1 5
W 1 1 4
W 11 5 7
W 5 1 1
J 1 1 3
W 4 5 5
W 1 1 1
T 37 1 6
P 115 1 6
T 19 4 8
T 4 4 6
T 79 1 9
P 49 5 9
P 54 5 7
P 42 3 9
T 112 1 7
P 129 1 8
G 120 3 8
P 92 5 6
P 23 4 6
P 62 2 6
P 87 5 8
P 135 1 6
P 1 1 7
P 85 4 8
T 98 4 6
P 85 4 8
L 57 1 9
G 135 3 9
P 117 1 8
G 69 2 8
P 127 4 6
P 81 5 9
G 109 4 8
G 2 5 9
T 55 3 9
T 55 5 8
P 130 4 8
T 85 3 6
T 18 4 6
T 114 4 9
G 137 1 6
P 58 2 7
P 1 1 7
P 12 4 9
L 38 1 6
P 99 5 8
P 47 1 6
T 13 2 6
L 104 4 8
L 98 2 6
120 3
10 6
88 1
43 11 7
W 2 2 7
W 1 5 9
W 1 5 9
W 9 2 1
J 9 1 4
W 3 1 9
W 7 1 7
J 2 5 5
W 5 1 1
W 6 1 1
J 4 3 8
W 11 4 3
W 10 2 1
W 1 1 1
W 8 2 8
W 2 1 9
W 3 3 4
W 9 5 9
W 8 5 1
W 9 4 3
W 3 5 8
W 1 1 1
W 7 2 7
W 8 1 3
J 4 1 4
W 2 1 7
W 1 2 7
W 5 3 3
J 2 4 4
W 9 1 1
W 2 5 8
J 1 3 4
W 4 4 5
W 6 4 9
J 5 3 8
J 5 3 7
W 8 4 6
W 11 1 5
W 1 4 8
W 2 1 6
W 6 5 9
W 1 1 6
J 1 5 7
P 91 2 6
P 12 3 6
G 12 1 8
P 21 1 7
T 85 2 9
P 46 2 7
P 16 1 7
T 34 5 8
L 83 4 6
P 85 5 6
L 94 1 7
7 9
1 5
87 4
57 5
50 1
104 8
85 7
81 26 1
W 10 2 2
W 16 4 5
J 19 4 9
W 1 1 6
J 1 1 4
W 10 1 1
W 1 1 1
J 9 2 2
W 18 4 1
W 15 2 4
W 1 2 1
W 3 5 3
J 8 1 1
W 13 1 5
W 20 1 5
W 7 4 7
W 4 2 6
J 19 5 5
W 15 4 5
W 20 1 8
W 1 5 7
W 12 3 1
J 20 1 2
J 1 5 1
W 1 2 5
W 6 1 5
W 4 5 1
W 12 1 1
W 20 1 6
J 14 1 3
W 6 4 2
W 18 1 5
W 8 2 4
W 15 4 4
W 8 5 8
W 15 3 8
W 15 5 1
W 15 5 4
W 2 4 4
W 8 4 6
W 19 2 3
J 9 1 1
W 8 5 1
W 5 4 7
W 20 2 1
J 10 1 4
W 10 1 8
W 10 1 1
W 14 1 1
W 16 5 7
W 7 2 2
W 15 1 4
W 8 1 9
W 20 2 7
W 7 4 3
W 15 3 2
W 8 5 1
W 8 4 4
W 4 5 1
J 8 2 3
W 9 4 7
W 1 3 7
W 16 2 3
W 10 3 5
J 1 5 6
W 1 1 9
W 20 4 4
W 16 1 1
W 16 4 1
W 19 1 8
W 4 1 1
W 19 1 1
W 7 1 7
W 10 5 1
J 13 3 9
W 16 5 1
W 19 1 1
W 8 1 8
W 13 2 8
J 19 3 4
J 11 1 9
P 52 3 6
L 8 1 9
P 206 3 6
L 103 1 6
P 8 2 8
P 203 3 6
T 192 2 6
P 115 3 6
T 85 5 6
P 52 4 6
P 1 1 7
P 65 5 6
G 173 2 8
T 165 5 7
G 5 2 8
L 39 2 6
P 147 1 6
G 162 2 6
P 63 1 6
P 146 4 9
T 90 5 6
T 115 3 6
P 34 1 6
P 80 1 6
P 97 1 6
L 123 1 6
43 6
