10
1 5 1
W 2 4 8
L 1 2 8
T 16 1 6
L 1 4 7
P 2 1 8
P 1 1 6
13 9
7 7 1
W 3 2 7
W 8 4 4
W 1 2 8
W 6 1 4
W 1 1 5
W 3 4 1
W 3 1 4
P 57 1 6
L 11 1 7
P 53 1 9
P 91 1 6
T 77 4 6
P 79 5 6
T 15 2 9
41 4
1 9 1
W 16 2 2
T 5 1 6
T 91 3 8
T 165 1 8
T 79 2 6
T 147 5 9
L 120 1 8
P 47 2 6
L 53 1 6
P 11 4 8
41 2
3 7 1
W 3 2 4
W 2 2 1
W 1 5 5
P 14 3 6
L 7 1 8
L 34 1 6
P 13 1 8
P 7 2 6
P 6 3 6
P 25 4 6
43 1
1 5 1
J 25 3 5
P 158 4 7
T 181 1 6
T 168 3 8
T 63 1 6
G 132 5 8
148 3
6 7 1
W 1 1 1
W 1 2 2
J 5 4 1
W 3 2 4
W 1 2 7
J 1 4 9
L 2 2 8
P 57 4 9
P 53 4 6
T 47 4 7
P 25 1 9
P 60 5 9
G 49 1 9
50 1
5 8 1
W 8 2 7
W 3 2 7
W 2 4 1
W 9 2 1
J 8 4 2
L 82 4 9
T 55 4 8
P 86 1 9
P 29 1 7
P 93 2 8
P 69 3 7
P 41 3 9
P 94 5 6
92 1
1 8 1
W 3 3 5
G 70 5 9
P 1 1 6
P 13 1 6
G 57 2 6
T 11 4 6
P 60 1 8
T 49 1 8
P 18 5 6
48 7
1 8 1
W 1 1 2
T 1 4 6
P 1 1 6
P 1 3 7
P 1 1 6
T 1 1 6
P 1 1 6
L 1 3 6
P 1 2 6
1 7
5 7 1
W 5 2 7
W 2 4 4
W 8 1 7
J 4 2 1
W 1 1 1
L 134 5 7
P 65 2 6
P 104 1 7
L 55 3 9
T 148 5 8
P 88 3 7
T 156 4 6
44 8
