9
1 48 1
W 145 3 4
P 136 2 8
P 122 1 9
T 87 1 8
L 157 2 7
T 165 3 9
P 19 4 6
P 5 3 8
G 23 1 6
P 158 4 7
T 51 1 6
T 115 4 8
P 18 5 7
L 115 4 6
P 127 1 6
T 1 1 9
T 4 1 8
P 60 3 6
P 57 1 6
P 19 1 9
T 55 1 9
P 32 1 6
P 5 5 6
P 135 2 6
P 135 2 8
T 61 1 6
T 49 5 8
P 61 4 7
T 17 3 6
P 76 5 6
T 52 3 6
P 21 1 8
P 103 1 6
G 63 5 6
P 131 1 6
P 5 5 8
P 31 2 6
P 159 1 6
P 1 1 9
T 113 4 6
P 41 1 7
P 6 1 6
P 3 3 6
P 123 4 6
G 133 3 8
P 15 5 6
P 129 1 6
P 149 2 9
T 23 1 6
98 4
17 95 9
J 10 5 5
W 9 1 3
W 28 1 9
J 5 2 4
W 22 3 7
W 24 4 7
W 17 4 2
W 9 5 1
W 12 1 2
W 17 2 8
W 24 3 9
W 4 4 8
J 17 2 5
W 2 2 5
J 12 4 1
W 5 3 1
W 9 5 4
P 3 3 6
P 11 4 6
P 16 3 9
T 21 1 6
P 25 2 9
T 13 4 9
P 2 1 8
P 2 1 6
T 30 5 6
G 12 2 8
L 8 1 8
P 19 4 9
T 19 2 6
P 6 2 8
P 21 1 7
T 9 1 7
P 13 2 9
T 14 1 6
L 6 4 8
G 1 1 6
L 15 1 6
P 18 3 8
T 9 5 8
P 15 4 6
T 6 4 6
P 18 1 6
P 29 1 6
L 4 1 6
P 24 4 8
T 29 4 6
P 8 5 6
P 21 1 6
T 1 1 6
T 10 3 9
P 5 1 7
P 30 4 6
T 30 2 7
G 17 1 8
T 18 5 6
P 20 3 8
T 3 3 6
P 23 1 6
G 22 2 7
T 8 1 8
L 27 1 8
G 29 1 6
P 20 1 6
P 17 2 6
T 24 1 9
T 11 1 7
P 2 5 6
P 14 1 6
T 25 2 9
P 18 1 6
T 24 1 8
L 27 1 8
T 31 1 9
L 18 1 6
P 20 5 6
P 7 3 6
P 2 5 6
L 30 3 8
T 21 4 9
P 10 3 9
G 8 2 8
L 18 5 6
T 14 1 6
P 15 4 8
L 9 3 8
P 8 1 6
P 24 1 6
P 14 5 6
P 3 4 6
G 17 4 6
P 19 1 8
P 7 4 8
P 19 2 6
L 1 1 7
T 25 4 8
P 18 1 9
P 30 1 6
P 4 1 6
P 23 5 6
T 4 1 9
T 22 2 8
L 22 1 7
T 14 3 8
T 4 2 8
P 13 3 7
T 3 5 9
P 23 2 9
P 20 4 8
P 25 3 6
G 20 1 9
T 20 3 8
13 1
26 4
14 2
12 2
2 4
31 1
23 1
2 1
9 1
6 81 9
W 6 2 5
W 100 4 1
W 129 5 7
J 160 4 8
W 9 4 6
J 149 4 1
P 10 1 8
P 6 3 9
G 83 2 8
T 15 3 6
T 147 4 8
P 113 5 6
P 164 3 7
G 87 4 6
T 15 1 7
T 163 3 8
P 38 4 8
L 40 2 6
P 147 5 6
L 118 3 8
P 116 3 6
P 145 3 6
P 90 1 6
P 93 2 6
P 14 1 6
P 168 2 6
P 46 1 6
L 32 5 6
G 73 1 6
T 111 5 6
L 45 2 8
P 15 5 6
L 128 1 7
P 138 4 8
L 1 2 6
L 80 1 6
G 145 4 6
T 54 3 6
P 154 3 6
P 73 2 9
G 118 1 8
P 152 4 6
P 57 4 6
G 167 2 6
P 127 4 6
G 158 2 6
L 26 4 6
P 70 2 6
P 146 3 6
T 129 4 6
P 118 1 6
L 32 5 8
T 89 1 8
T 112 3 9
P 47 4 6
P 47 5 9
T 152 5 6
T 126 2 6
L 67 3 6
P 12 3 9
L 83 1 6
G 112 5 9
P 163 2 9
P 133 2 8
P 39 1 9
P 87 2 6
P 70 1 8
L 140 5 9
T 69 1 8
T 110 3 7
T 150 3 6
T 166 4 9
G 163 1 8
T 44 4 9
T 136 1 6
T 87 1 7
P 15 2 8
P 37 3 6
L 35 3 6
T 136 4 6
G 9 1 8
G 20 3 6
P 64 1 8
T 168 4 6
P 140 5 7
T 165 2 8
L 66 4 6
41 1
133 1
148 9
25 1
43 3
90 1
107 5
76 4
70 4
13 29 7
J 111 5 1
W 272 2 8
W 75 1 9
W 57 5 3
J 218 2 7
W 130 1 4
W 183 1 7
J 129 1 2
J 175 1 4
W 177 3 3
W 83 3 1
J 111 3 3
W 222 2 7
T 73 4 8
T 79 5 7
G 14 1 6
G 64 1 9
P 220 5 6
T 148 3 8
P 161 5 9
P 49 1 6
T 210 2 6
T 151 4 6
L 253 2 6
P 11 2 6
T 97 1 6
P 60 1 7
G 44 1 7
P 176 5 6
T 251 1 8
G 122 5 6
P 53 5 6
G 179 1 6
P 112 1 6
T 154 2 6
P 2 1 8
T 177 4 9
T 4 4 6
T 28 1 8
P 137 2 8
P 255 1 6
P 87 1 6
181 9
183 2
16 1
21 9
99 3
83 1
110 6
20 85 1
J 54 2 3
W 91 4 7
J 55 1 1
W 45 5 5
W 55 3 7
W 64 5 9
W 4 4 1
W 15 1 1
W 65 1 1
W 1 3 7
W 64 1 7
W 81 1 2
W 31 1 3
W 68 1 4
W 8 2 4
J 25 1 4
W 21 1 5
W 91 5 1
W 32 1 7
J 76 5 1
T 64 4 6
P 40 3 6
P 6 4 8
G 45 5 8
P 1 2 6
G 53 3 6
L 1 5 7
P 8 1 6
P 64 4 9
P 63 2 6
T 57 3 6
P 83 2 6
P 68 5 8
L 35 5 6
L 12 3 9
P 77 5 8
L 85 1 6
P 43 2 8
G 12 1 9
G 53 1 6
T 82 4 6
P 34 1 7
G 26 1 6
P 52 5 6
P 52 5 9
L 77 4 8
P 78 5 7
G 8 3 6
G 15 5 9
L 53 1 7
P 42 1 6
P 3 4 7
T 55 2 8
G 79 3 6
L 43 1 8
P 60 2 9
T 3 1 9
P 9 2 6
P 1 1 8
P 64 5 9
G 4 3 9
P 71 1 8
G 50 3 6
T 68 2 8
L 79 1 8
G 10 1 9
P 68 1 9
P 4 1 7
G 64 1 6
P 24 2 6
T 79 2 9
P 26 4 7
T 43 1 8
L 67 5 6
T 38 1 6
T 12 1 6
T 79 5 9
L 55 4 7
T 6 3 6
P 14 1 9
P 20 1 6
T 5 5 6
P 29 4 6
P 35 3 6
P 27 3 8
P 25 2 9
G 85 5 6
L 19 3 6
P 31 1 7
T 1 5 6
P 29 1 9
T 66 4 7
L 78 1 6
P 30 5 8
P 59 1 6
P 54 1 6
P 64 5 8
P 18 4 6
T 30 1 6
P 17 1 6
P 29 5 8
L 60 2 8
T 15 5 6
P 19 4 6
G 36 2 6
30 5
5 70 9
W 90 1 5
J 71 1 1
W 66 1 4
W 180 3 9
W 11 1 1
L 2 1 6
T 168 5 6
P 143 2 8
T 133 1 6
P 25 5 8
T 95 1 7
T 47 1 6
T 66 4 6
P 130 4 8
P 9 1 6
T 69 2 6
P 104 4 6
P 216 4 7
P 61 2 6
P 177 1 7
T 63 5 9
T 31 3 6
L 200 1 6
L 175 4 6
G 42 3 7
P 120 2 8
P 187 1 8
T 50 2 8
T 179 1 6
T 52 3 9
P 209 1 6
T 81 1 8
P 56 1 6
P 12 5 6
P 139 4 6
P 141 4 6
P 215 3 6
P 226 1 6
L 106 4 6
T 98 1 9
P 216 1 6
G 39 3 6
G 120 2 8
G 161 2 6
P 120 4 8
P 215 2 6
P 91 2 6
T 205 4 9
T 210 5 8
P 30 4 9
P 1 3 8
P 24 5 8
P 74 1 8
L 135 1 7
T 112 5 8
L 51 1 7
L 95 1 8
L 72 3 6
P 209 2 8
T 191 1 7
T 86 1 6
L 197 2 6
T 50 2 6
P 47 1 8
T 51 1 8
P 21 1 6
L 94 2 6
T 182 1 9
P 1 2 6
G 69 5 6
T 27 2 6
P 139 1 6
T 181 1 9
P 216 5 6
P 216 1 9
168 7
38 5
141 6
187 1
95 7
59 7
142 1
131 1
100 9
5 10 8
W 239 5 1
W 244 5 4
W 88 2 4
J 231 4 6
W 89 3 1
P 55 1 6
T 99 5 6
P 235 2 8
P 221 1 6
P 259 1 6
P 39 3 8
P 257 5 6
L 82 4 9
G 150 4 7
T 253 3 9
33 1
30 4
130 4
73 1
102 7
55 1
16 1
214 1
21 69 7
J 23 1 1
W 34 2 1
W 112 2 4
W 52 5 1
J 19 1 3
J 106 3 4
W 49 4 4
W 125 5 6
W 113 3 1
W 2 2 7
W 20 2 1
W 83 3 9
W 136 5 5
W 78 1 6
W 105 2 1
J 118 3 2
J 125 4 4
W 70 5 4
W 7 5 4
J 43 1 5
W 106 4 2
T 90 1 8
P 49 2 6
T 110 1 6
T 105 3 6
G 109 1 8
L 148 5 8
T 62 3 6
P 47 5 6
T 55 3 6
P 145 2 6
T 130 1 8
T 79 4 8
T 145 1 6
T 91 1 8
G 130 4 7
L 140 3 6
T 92 4 6
T 26 5 9
L 131 4 8
G 10 3 6
P 123 2 6
P 67 5 6
T 5 5 6
T 122 3 6
L 98 3 6
P 128 1 6
P 8 2 8
L 28 5 6
T 48 3 9
L 56 5 8
G 42 3 8
L 50 3 8
L 43 2 7
T 66 2 8
P 42 5 8
P 7 1 6
G 75 1 6
T 104 3 8
L 106 2 9
T 22 3 6
G 66 1 8
T 33 1 8
P 139 3 6
P 4 4 8
P 106 2 8
L 143 1 6
G 15 4 6
T 32 3 9
P 104 4 9
P 5 5 6
T 43 2 7
P 35 1 9
T 95 2 8
P 28 2 8
T 50 2 8
T 54 4 7
T 89 1 6
P 123 1 8
T 148 1 6
T 144 2 8
P 135 4 6
G 62 4 6
P 77 1 9
L 61 1 6
G 27 1 6
T 126 3 6
P 63 3 6
P 122 2 7
P 77 3 6
8 1
133 3
40 2
42 6
121 7
130 6
40 9
19 29 1
W 169 3 7
W 77 1 7
W 104 5 1
J 113 1 1
W 269 1 2
W 49 4 4
W 244 1 1
J 37 1 4
J 43 1 2
W 31 3 7
W 208 2 3
W 115 1 3
W 223 4 3
J 167 5 2
W 188 1 2
J 105 1 1
J 55 5 4
W 271 2 5
W 27 1 9
T 39 3 6
P 174 4 9
P 85 5 9
T 115 5 6
T 260 1 6
T 13 1 8
T 280 1 9
L 76 1 9
T 68 4 8
L 229 3 7
P 226 2 9
P 82 1 6
P 26 2 6
L 255 5 9
T 125 2 8
P 208 1 8
G 277 2 6
L 61 5 6
G 67 4 8
T 154 2 7
T 31 4 9
T 260 1 6
P 125 5 8
T 95 4 6
P 277 3 8
G 115 4 6
T 112 5 6
G 58 1 6
P 95 1 6
284 8
