21
41 39 4
W 1 3 6
J 2 3 4
W 2 3 4
J 1 3 7
W 1 1 8
W 2 1 5
W 1 5 7
W 2 3 8
W 1 2 1
J 1 3 1
W 1 1 5
W 1 1 6
W 3 5 6
W 2 1 1
W 2 2 7
W 1 2 4
W 2 3 3
W 1 1 7
J 2 5 6
W 2 5 1
J 3 1 7
W 3 4 1
J 1 4 4
W 1 5 4
W 1 1 2
J 2 1 1
W 1 2 1
W 3 1 1
W 1 5 2
W 1 3 2
W 2 1 1
W 1 1 1
W 1 5 3
J 3 2 1
W 1 5 7
W 2 1 1
W 3 5 1
J 2 1 1
W 1 2 9
W 1 2 7
W 1 3 6
P 10 4 6
T 25 2 8
T 8 1 6
L 3 1 8
L 32 3 8
T 21 1 6
P 13 1 6
T 13 1 7
T 29 2 8
P 18 1 6
P 25 1 8
P 3 5 6
P 1 4 8
P 1 4 6
L 36 4 6
P 7 2 6
P 33 1 6
P 9 1 8
P 27 5 6
T 25 1 6
P 13 1 6
T 31 5 7
T 17 4 6
P 28 1 6
L 19 3 6
L 5 4 6
P 2 1 6
G 31 1 6
P 13 2 7
T 1 5 6
G 35 4 9
P 5 3 6
G 13 5 8
P 25 1 6
P 9 1 6
T 1 1 7
P 33 4 6
P 27 2 8
P 15 1 8
1 1
15 7
1 1
1 5
1 11 7
J 1 1 4
P 56 1 8
P 128 1 8
T 130 3 6
P 207 3 6
P 39 5 6
L 3 1 9
P 153 1 8
P 131 1 6
T 27 2 6
G 115 2 7
P 4 4 8
9 3
91 1
117 7
195 2
141 2
138 1
1 7
43 30 9
W 9 3 6
J 4 3 7
W 4 1 3
W 11 2 4
W 2 1 1
J 3 1 3
W 7 3 6
W 8 4 4
W 10 5 4
W 13 4 8
W 1 4 6
W 5 3 1
W 4 3 4
W 1 3 7
J 3 2 1
W 11 3 4
W 11 3 8
W 11 4 2
W 2 1 6
W 11 1 1
W 5 1 3
J 4 1 4
W 11 1 1
W 3 3 7
W 1 1 1
W 10 1 4
J 1 2 7
W 4 2 9
W 10 3 2
J 7 5 8
W 6 2 3
W 8 2 1
W 9 5 1
W 3 5 5
W 5 4 1
W 9 1 5
W 12 5 3
W 9 5 4
W 1 5 1
W 8 5 4
W 1 1 7
J 4 3 4
J 7 1 9
L 62 2 6
P 104 1 7
P 3 5 9
P 99 4 7
P 2 2 7
P 1 5 8
P 21 1 7
P 14 1 6
G 17 4 9
P 36 1 9
P 45 4 8
P 40 2 9
L 47 1 7
P 10 3 6
T 30 1 8
L 95 4 7
L 126 2 6
P 88 5 8
G 63 5 6
T 17 1 6
P 126 1 6
T 93 1 8
P 107 1 6
P 28 1 8
P 86 3 8
T 108 1 6
L 68 1 9
P 14 3 6
G 46 1 7
L 109 5 6
132 1
132 9
96 2
82 7
87 2
72 3
3 5
106 3
92 1
19 44 7
W 6 3 9
W 6 3 5
W 4 4 1
J 6 4 1
W 1 4 1
W 7 2 6
W 7 4 3
W 6 5 3
J 2 1 1
W 1 5 5
W 3 4 4
W 4 3 8
W 5 3 6
J 3 2 7
W 3 2 1
W 2 2 1
W 7 5 1
W 7 1 4
J 1 4 1
P 40 3 7
P 26 1 6
P 19 2 6
P 29 1 9
L 13 1 6
L 14 4 6
T 54 1 6
P 45 1 9
L 69 5 8
L 40 2 8
P 6 3 8
P 42 1 9
G 71 1 6
G 75 1 8
P 7 3 7
P 71 3 9
P 75 4 6
P 61 1 7
P 22 4 6
P 8 5 6
G 2 1 9
P 38 2 9
P 69 2 6
P 41 5 8
T 35 1 6
G 44 5 6
L 6 5 6
L 31 1 6
P 4 5 6
L 3 5 8
P 37 3 7
T 15 4 6
P 37 1 6
P 5 4 8
P 63 1 7
T 25 1 9
P 46 2 6
T 58 3 6
L 74 4 9
P 52 3 7
P 77 2 9
G 1 1 6
P 20 4 7
G 27 3 8
54 8
24 7
25 4
77 4
63 4
20 4
71 8
61 8 6
J 26 1 7
W 20 2 1
W 25 1 2
W 4 1 4
W 15 1 7
W 10 1 9
J 24 4 9
W 16 3 5
W 11 2 9
W 2 5 8
W 19 2 2
W 11 5 2
W 5 5 4
J 26 2 6
W 29 5 1
W 29 3 4
W 1 1 1
W 9 5 3
J 15 5 9
W 18 2 2
J 1 4 6
J 15 1 1
W 13 3 1
J 20 1 7
J 15 5 7
W 29 3 2
W 16 4 5
W 5 2 4
W 16 4 1
J 10 1 2
W 7 5 1
W 4 5 2
W 11 5 1
W 21 5 2
W 13 5 8
W 14 2 2
W 1 5 4
W 16 5 7
W 22 1 1
W 29 5 3
W 24 5 7
W 24 2 1
W 9 4 7
W 1 3 1
W 3 4 9
W 28 2 4
W 27 1 4
W 22 3 1
W 9 1 4
W 29 1 2
J 18 3 6
W 28 4 3
J 5 3 1
W 28 3 4
W 12 1 2
W 8 4 7
W 25 3 9
W 1 1 7
W 7 1 1
W 21 3 2
W 13 1 1
P 110 3 8
L 223 3 6
P 209 3 8
P 23 4 6
G 216 4 9
T 79 2 7
T 172 1 7
T 262 3 9
253 2
47 4
14 7
194 7
85 7
57 4
81 25 8
W 2 1 9
W 1 1 1
W 1 5 1
J 1 1 1
J 1 1 1
W 1 2 1
W 2 4 1
W 1 1 1
W 2 5 7
J 1 1 7
W 1 2 9
W 2 1 1
W 1 5 7
W 1 1 1
W 1 1 6
J 1 4 1
W 1 2 7
J 2 5 2
J 1 2 6
W 1 4 3
W 1 4 4
W 1 4 2
J 1 4 1
W 2 5 1
W 1 3 1
W 2 2 1
W 2 4 9
W 2 3 1
W 2 1 2
J 1 4 4
J 1 1 3
W 1 5 8
W 1 4 3
J 1 5 1
W 1 4 1
W 2 3 2
W 1 1 4
W 1 5 5
W 1 3 9
W 1 1 6
J 1 2 4
W 1 2 5
W 1 1 1
W 1 5 1
J 1 4 4
J 2 5 7
W 2 1 6
J 1 2 4
W 1 1 2
W 1 2 8
J 1 3 6
J 2 1 9
W 1 1 6
W 1 1 7
J 2 3 4
W 1 1 7
W 1 3 1
W 2 2 1
W 2 1 1
W 1 5 4
W 1 1 1
W 2 2 3
W 2 3 2
W 1 2 4
J 1 2 7
W 2 3 1
W 1 4 2
W 1 3 1
W 1 1 6
W 1 2 1
W 1 5 1
J 1 5 1
W 1 3 4
W 1 5 7
W 1 4 5
W 1 5 9
W 2 1 6
W 2 3 2
W 2 2 1
W 1 1 4
W 1 1 6
G 14 1 8
L 16 5 8
P 7 2 8
L 6 1 8
P 16 1 7
P 6 2 6
T 1 2 6
P 9 4 8
P 6 5 7
T 23 2 6
T 13 2 8
P 8 2 6
P 22 1 6
T 1 1 8
T 13 5 8
P 3 4 6
L 15 3 8
L 13 1 6
T 6 1 6
P 11 1 8
T 1 3 6
T 3 1 6
P 16 1 6
P 11 4 6
P 6 1 6
21 7
5 4
5 2
19 7
14 9
21 9
15 1
8 9
86 29 9
J 1 2 8
W 8 2 1
W 8 3 4
J 3 3 1
W 5 4 4
W 1 4 7
J 7 3 5
W 1 2 1
J 1 3 8
W 1 3 8
W 2 1 3
J 3 3 8
W 1 4 8
W 1 2 1
W 1 1 6
J 1 3 4
W 7 5 1
W 1 5 2
W 5 4 7
J 1 4 7
W 3 4 5
J 8 3 3
J 5 1 4
J 5 3 1
W 1 3 6
W 1 2 8
W 3 4 7
W 1 1 1
W 8 1 5
W 7 3 1
J 5 2 5
J 5 3 1
J 5 1 1
J 5 3 1
W 1 5 1
J 8 2 1
W 8 5 5
J 1 1 4
W 7 3 4
W 1 2 1
W 1 5 7
J 3 5 2
W 1 2 5
W 3 1 8
W 5 1 3
W 1 1 4
W 5 2 7
W 1 1 7
W 5 2 8
J 3 3 9
W 2 4 5
W 1 2 2
J 5 4 8
W 2 1 2
W 3 2 7
W 1 2 8
W 5 3 7
W 1 5 6
W 1 1 1
J 1 1 9
W 1 5 1
W 3 1 3
W 5 1 4
W 4 1 1
W 7 1 9
W 3 1 1
W 4 1 1
J 1 5 5
J 1 1 4
J 1 2 7
W 6 1 7
W 4 5 4
W 8 1 4
W 7 5 6
W 1 3 4
J 7 1 7
W 5 2 8
W 5 4 4
J 5 2 9
J 5 1 4
W 5 4 2
W 1 5 6
W 1 1 9
W 6 3 7
W 1 1 7
W 7 1 1
P 21 1 8
P 29 2 8
T 24 5 6
G 21 5 6
P 89 3 6
P 20 1 9
P 50 1 8
P 83 3 6
P 17 2 8
P 10 1 8
L 44 4 7
P 3 1 8
T 3 3 7
T 48 1 6
P 39 2 6
P 47 5 6
L 17 2 6
T 60 4 9
P 42 2 8
P 46 1 6
P 71 5 9
P 58 4 7
G 56 3 6
T 88 3 8
T 1 1 6
P 1 1 8
P 68 1 6
P 32 1 8
P 24 2 8
64 4
29 1
86 3
52 5
23 2
28 4
15 3
16 9
64 3
15 5 1
W 3 4 1
W 15 1 1
W 1 1 2
J 12 1 1
W 10 1 1
W 15 5 8
W 1 4 1
W 4 4 6
J 1 5 8
W 1 4 3
J 4 1 9
W 7 2 4
W 9 2 5
W 5 2 4
W 1 4 1
G 72 3 6
P 164 1 7
L 12 1 8
G 40 2 8
P 27 1 8
186 1
97 43 9
W 1 4 1
W 1 5 2
W 1 4 7
W 1 4 1
W 1 5 4
W 1 1 4
J 1 4 1
W 1 4 1
W 1 2 4
J 1 2 2
J 1 1 1
W 1 1 7
W 1 1 4
W 1 5 4
W 1 1 7
W 1 3 1
W 1 5 5
W 1 2 6
W 1 5 5
W 1 3 4
W 1 1 1
W 1 2 4
J 1 1 4
W 1 3 1
W 1 4 9
J 1 5 5
W 1 4 1
W 1 5 1
J 1 2 7
W 1 4 4
W 1 1 3
J 1 1 1
W 1 4 1
W 1 2 4
W 1 3 1
W 1 1 8
J 1 4 9
W 1 4 9
W 1 5 9
W 1 2 1
W 1 2 4
W 1 5 4
W 1 1 6
W 1 2 3
W 1 1 5
J 1 1 1
W 1 1 8
W 1 3 1
J 1 3 8
W 1 1 7
J 1 1 7
W 1 3 5
W 1 1 4
W 1 1 2
W 1 1 6
J 1 5 7
W 1 1 4
W 1 2 1
J 1 1 1
J 1 5 9
J 1 5 6
J 1 3 7
W 1 1 4
W 1 5 7
W 1 2 1
J 1 5 6
W 1 1 2
W 1 5 8
W 1 1 5
W 1 1 6
W 1 1 2
W 1 2 7
W 1 3 1
W 1 2 8
W 1 4 9
J 1 2 6
W 1 3 4
W 1 1 7
J 1 1 6
W 1 4 8
W 1 2 5
W 1 4 1
J 1 4 1
W 1 5 7
W 1 3 2
W 1 1 9
W 1 1 7
W 1 2 1
J 1 5 7
W 1 1 5
W 1 4 7
W 1 3 8
J 1 3 2
W 1 1 4
W 1 3 5
W 1 1 1
J 1 1 4
P 1 2 9
P 9 5 9
P 9 5 7
T 8 1 6
P 1 1 7
P 3 5 6
G 5 1 6
G 1 5 7
P 1 1 6
P 7 3 8
G 7 5 6
P 5 1 6
P 1 5 8
T 9 2 6
P 11 1 8
P 4 3 7
P 1 1 9
P 12 4 8
T 1 1 6
P 10 1 8
P 1 4 9
P 9 5 7
G 7 3 7
P 1 5 6
T 1 1 6
P 8 1 6
P 10 1 6
P 5 1 7
P 7 5 6
P 7 3 6
L 1 3 6
L 12 1 7
P 6 2 9
P 5 2 9
G 9 3 8
P 1 5 8
P 9 2 6
T 5 4 6
P 9 2 6
L 10 3 8
T 5 2 7
P 12 3 8
T 9 3 6
9 1
3 1
5 7
11 4
7 7
1 4
5 4
7 1
11 3
33 9 3
J 7 1 1
J 9 3 1
W 4 4 1
W 4 4 1
J 2 1 1
W 4 5 2
W 8 4 1
W 10 1 2
W 5 3 2
W 13 1 8
J 1 1 8
J 11 2 7
W 4 4 4
J 4 1 1
W 2 4 9
W 7 5 8
J 1 1 5
W 13 1 7
W 5 1 1
J 12 1 3
W 9 4 1
J 12 3 4
W 9 1 9
J 1 2 7
J 2 1 7
W 12 2 8
J 6 4 7
J 5 1 7
W 2 1 7
J 11 1 6
W 3 3 4
W 10 4 7
W 11 4 2
G 39 3 8
G 133 5 6
G 131 4 6
G 121 5 8
P 97 4 8
P 13 1 8
P 41 5 6
P 61 1 6
L 105 1 7
85 2
75 5
3 4
59 5 1
W 12 1 2
W 9 4 5
W 5 1 1
W 3 2 1
W 3 4 6
W 3 1 7
J 14 1 9
W 3 3 4
W 9 1 3
W 3 1 1
W 3 5 8
W 1 4 6
J 1 2 1
W 13 1 5
J 5 2 5
J 11 2 1
W 4 1 7
W 1 3 1
J 1 2 1
W 2 2 8
W 10 1 9
J 1 5 7
W 6 3 5
J 9 4 4
W 11 1 1
W 7 4 4
W 3 1 8
W 5 4 2
W 9 4 4
J 11 2 5
W 7 2 1
J 1 1 7
W 6 3 4
J 5 3 7
J 1 4 1
W 11 2 3
W 5 2 2
J 8 1 9
W 1 5 1
W 11 5 7
W 10 1 7
W 4 1 5
W 1 2 6
J 5 4 2
W 3 5 3
J 12 1 1
J 8 1 1
W 3 3 1
W 9 5 6
J 3 5 1
J 1 5 4
W 1 1 8
W 7 2 4
W 3 1 9
J 5 2 1
W 9 3 8
W 12 1 8
W 1 3 4
W 6 3 1
P 41 2 8
L 85 1 6
T 98 2 7
P 75 2 9
P 1 1 8
78 4
79 54 7
W 19 5 2
W 13 1 1
W 11 3 1
J 5 1 4
J 9 1 2
W 9 1 2
W 12 5 1
W 11 3 2
J 6 1 4
J 1 2 4
W 9 5 8
J 5 4 4
W 11 1 9
J 11 3 4
J 19 1 6
W 18 2 7
J 5 3 1
W 9 4 7
W 1 1 7
W 1 5 8
W 3 2 4
W 8 5 9
W 15 4 3
W 1 1 3
J 1 4 9
J 5 5 4
W 13 1 2
W 9 2 4
W 11 1 7
J 15 5 3
W 1 1 4
W 9 1 8
W 1 2 7
W 1 5 2
J 5 2 1
J 1 1 4
W 1 3 8
J 1 5 3
W 11 3 9
W 5 1 1
W 9 3 4
J 16 3 7
W 11 1 9
W 19 3 6
W 17 4 7
J 8 2 9
J 1 3 5
W 5 5 4
W 13 1 3
W 11 4 1
J 9 1 4
W 13 5 5
W 1 1 7
J 5 1 5
W 20 3 4
J 17 1 1
W 5 3 5
W 18 1 4
W 3 1 4
W 16 3 1
W 6 1 1
J 13 1 2
J 7 1 1
W 8 1 6
W 9 2 4
W 1 1 1
W 3 3 2
W 1 5 4
W 9 1 4
W 16 3 4
W 6 1 1
J 1 1 7
J 17 1 7
W 9 1 1
W 5 1 1
W 5 1 1
W 13 1 7
J 1 1 5
W 1 2 3
P 101 4 9
P 13 1 8
P 193 1 7
P 145 5 6
T 71 3 7
L 118 3 8
P 47 4 8
P 66 5 6
T 81 5 8
P 185 4 7
P 11 1 8
P 61 4 6
T 47 3 8
P 4 1 8
G 161 2 6
P 40 5 8
P 37 1 8
T 135 3 6
G 121 1 6
G 10 1 6
G 57 3 8
P 175 1 6
L 27 4 6
P 67 2 8
P 164 1 6
P 197 4 8
P 96 2 7
P 203 4 6
P 54 1 6
T 71 2 6
G 127 1 8
G 117 1 7
G 181 5 8
L 179 1 6
P 165 1 6
P 31 1 6
P 161 2 8
L 83 4 8
G 99 1 6
T 115 4 6
P 173 1 6
P 104 1 9
P 40 1 9
P 15 5 6
P 109 3 6
P 1 1 7
G 49 5 7
P 155 2 7
P 203 1 8
P 17 1 6
P 37 4 8
P 146 1 7
P 176 4 7
T 120 5 6
138 5
181 3
95 1
169 1
137 8
73 9
59 6
68 21 7
W 7 4 9
W 7 4 7
J 11 5 6
W 3 1 4
W 8 2 7
W 7 5 3
W 9 1 1
W 19 3 1
W 4 1 7
W 10 1 4
W 1 1 2
W 4 5 1
W 1 4 4
W 19 1 1
W 17 4 2
J 21 1 1
W 7 4 1
J 15 1 1
W 1 1 1
W 6 2 9
W 14 1 1
W 13 2 3
W 17 5 7
W 3 4 7
W 20 3 8
W 5 1 8
W 12 1 4
W 1 4 1
W 15 2 9
W 15 5 9
W 7 2 8
W 5 5 9
W 22 4 1
J 2 5 7
J 13 3 5
W 13 1 7
W 4 5 4
J 19 2 6
J 3 1 7
W 1 4 1
W 17 2 7
W 18 2 7
W 8 1 1
W 9 2 1
W 16 5 1
W 19 1 5
W 8 3 9
W 3 1 3
W 11 1 4
W 21 5 4
W 3 1 4
W 12 1 1
W 10 3 2
W 1 1 1
W 11 1 2
W 4 4 2
J 7 5 1
W 13 5 1
J 21 4 1
W 20 5 4
W 1 4 4
J 10 5 5
W 3 4 6
W 6 1 9
J 17 3 9
W 7 5 2
W 7 1 7
W 1 1 5
T 49 5 8
L 184 1 6
P 118 2 6
P 10 1 6
G 215 5 6
P 181 5 6
P 1 2 9
P 31 5 6
P 181 2 6
L 196 5 6
L 26 1 7
P 119 1 9
T 151 1 8
L 30 2 6
P 60 4 9
P 209 2 8
P 51 4 8
T 160 3 6
T 122 2 7
P 106 3 7
P 199 1 6
70 1
89 7
31 4
116 4
61 7
191 5
19 4
64 27 5
W 13 4 1
J 8 4 1
W 16 5 3
J 8 2 1
J 1 2 3
W 4 4 6
J 1 3 2
J 2 2 4
W 12 1 1
J 7 1 1
W 12 4 3
W 15 3 3
J 16 3 8
W 13 1 2
W 6 4 1
W 5 2 1
W 5 5 3
W 2 1 7
W 15 1 4
W 1 5 1
J 6 3 3
W 4 5 4
J 12 1 3
J 6 1 3
J 2 2 1
W 4 1 4
W 15 3 4
J 7 2 8
J 7 2 1
J 10 1 4
W 14 2 1
W 3 1 2
W 4 1 2
W 11 2 4
W 12 1 6
J 15 4 1
W 2 5 9
W 11 2 8
J 15 5 2
W 4 3 3
W 1 4 6
W 13 1 2
J 10 3 1
W 13 4 1
J 14 1 1
W 2 1 2
W 17 5 7
W 6 1 7
W 16 3 9
W 11 2 3
J 1 1 1
J 12 1 1
W 16 3 7
J 1 4 7
W 13 2 8
W 12 3 1
W 1 2 1
J 9 2 1
W 9 1 9
W 12 1 1
J 2 4 6
J 17 3 7
W 16 1 3
J 7 5 5
P 136 4 7
T 124 1 8
L 106 1 8
T 143 2 7
P 144 2 6
P 76 3 6
G 126 2 6
L 127 4 7
P 1 1 6
T 139 1 7
T 57 3 6
P 152 1 6
P 5 1 6
P 141 4 6
T 111 1 9
T 40 1 7
G 10 3 6
G 53 4 6
T 108 5 8
P 55 3 8
P 31 1 6
T 68 3 9
T 139 3 6
P 120 5 7
T 86 2 6
P 1 1 8
T 151 1 6
76 6
53 8
141 5
21 5
138 6
92 35 1
W 10 5 1
W 17 1 1
W 8 4 8
J 16 2 9
J 17 5 8
W 26 2 8
J 17 3 4
J 25 3 9
J 10 1 7
W 24 3 5
W 18 3 1
W 5 4 1
J 19 1 9
W 13 2 7
W 19 4 9
W 10 1 6
W 16 1 1
W 4 5 4
W 20 1 1
W 1 4 1
W 22 1 1
W 11 3 3
W 19 4 8
W 1 5 8
J 19 1 4
J 19 1 7
W 2 4 1
W 4 2 4
W 22 4 4
W 14 2 7
W 11 2 5
J 4 4 1
W 4 1 7
W 1 3 4
J 4 1 2
W 25 2 1
W 8 1 4
J 19 5 4
W 3 1 4
J 10 1 9
W 17 3 5
W 25 1 1
W 19 5 7
W 23 1 2
W 4 4 3
W 22 1 9
J 1 4 8
W 11 3 4
W 25 2 6
W 24 1 8
W 7 4 5
J 4 4 1
W 10 1 4
W 5 3 1
W 10 5 1
W 18 5 1
W 18 4 2
W 16 2 4
W 26 3 4
W 19 1 6
J 7 1 3
W 10 1 1
W 1 5 1
W 27 5 1
W 5 3 1
W 8 1 1
W 1 2 8
W 4 4 1
W 12 1 4
W 8 3 7
W 2 5 1
W 13 3 6
J 12 1 1
W 13 5 7
W 21 3 4
J 20 1 1
W 5 4 3
W 25 1 1
W 2 4 9
J 16 2 1
W 1 1 6
W 19 4 1
W 3 5 1
W 20 1 9
W 27 3 2
J 25 1 5
W 1 4 8
W 8 2 1
J 1 1 1
W 21 5 4
J 20 5 1
W 26 4 9
P 271 1 6
P 120 3 6
P 155 3 7
L 23 2 6
P 172 2 6
T 69 1 6
T 89 1 6
T 167 2 6
T 161 3 6
P 103 1 8
P 48 1 8
P 12 1 6
P 79 4 6
T 84 4 8
P 174 1 7
G 29 5 6
T 45 5 8
P 204 4 7
P 136 1 6
P 90 1 6
T 131 1 9
P 115 3 6
L 105 4 6
P 270 3 8
L 15 1 6
P 17 3 8
G 185 3 8
P 123 3 7
P 56 1 6
G 186 2 7
P 92 1 7
T 30 1 6
P 30 3 6
P 60 4 8
P 233 1 7
250 7
5 15 10
W 1 1 2
W 13 2 2
W 9 4 6
W 1 3 9
W 11 4 9
P 115 2 6
T 173 2 6
G 146 1 6
T 84 3 8
L 83 1 6
P 98 4 8
P 138 4 6
P 81 1 6
P 8 4 6
P 172 1 6
T 75 4 6
G 142 1 6
G 89 3 8
P 142 1 9
P 123 2 8
153 7
180 5
147 1
176 7
62 1
11 6
130 9
99 1
95 1
159 5
25 5 7
W 19 5 2
W 21 4 1
W 1 4 9
W 17 1 2
W 19 3 1
W 18 1 8
W 19 2 7
W 1 2 1
W 13 3 1
W 10 5 1
W 19 1 7
J 9 4 2
W 15 5 1
J 5 1 7
W 3 1 4
W 19 1 2
W 7 1 4
W 21 3 9
J 12 4 4
J 4 2 7
W 13 2 4
W 9 3 7
J 7 1 5
W 1 1 8
J 22 3 9
P 65 3 6
T 59 1 8
P 141 1 6
G 117 2 6
T 192 1 6
1 8
161 6
191 9
148 1
87 1
112 1
30 3
13 53 5
W 3 3 6
J 17 3 8
W 2 3 6
J 3 5 8
W 10 2 2
W 7 1 4
J 2 2 5
W 1 1 2
W 11 5 9
W 4 3 3
W 13 5 6
W 7 1 1
J 10 4 9
T 124 5 8
P 118 2 6
T 115 5 6
P 91 3 6
P 22 3 9
T 43 4 6
P 166 1 7
P 89 1 6
P 142 2 6
T 43 1 6
P 169 1 6
T 22 5 8
P 91 3 9
P 88 1 7
P 41 2 7
P 76 3 8
P 51 4 6
P 165 1 6
P 1 4 6
L 144 3 6
G 97 4 6
P 16 4 6
G 55 2 6
T 31 1 9
L 19 4 9
L 7 4 6
L 84 1 7
G 125 1 6
P 133 1 6
T 96 1 6
L 181 3 8
L 4 1 8
P 181 5 6
T 41 3 6
P 128 4 8
T 7 2 6
P 105 1 8
P 154 1 6
P 58 2 9
P 70 4 6
P 102 1 8
P 11 4 6
T 43 1 9
P 58 3 6
P 154 5 6
P 95 4 9
G 65 4 6
P 159 3 8
T 115 2 8
G 39 3 8
P 138 1 6
T 108 2 6
P 154 5 6
38 2
95 6
103 7
164 1
148 8
61 18 1
J 1 1 8
W 1 1 1
W 3 1 1
W 1 4 7
W 3 1 3
J 1 2 7
W 2 1 2
W 4 1 4
W 3 5 2
W 1 3 9
W 1 2 4
J 2 2 3
W 1 1 4
W 1 5 7
W 4 3 6
W 3 4 1
W 4 1 4
W 1 3 8
J 3 1 1
W 1 5 8
W 3 1 2
W 1 4 9
W 2 1 1
W 1 5 7
W 2 2 1
W 1 5 5
W 4 1 7
J 1 4 4
W 1 2 5
W 1 1 2
W 3 5 4
W 1 1 6
W 2 1 1
J 2 4 1
W 1 5 7
W 4 5 1
W 1 2 4
J 3 4 3
J 3 4 3
W 3 1 1
W 2 2 6
W 1 2 7
W 1 2 1
W 3 4 3
W 3 4 8
W 1 5 4
W 2 1 1
W 1 2 2
W 1 5 1
W 4 1 1
W 3 5 7
W 1 1 1
J 2 1 5
W 3 2 2
J 1 4 7
W 2 4 8
W 2 3 1
W 1 2 5
W 4 5 4
J 1 5 5
W 3 2 9
P 15 3 6
P 4 2 6
T 7 4 9
P 32 1 6
P 7 1 6
L 1 3 6
T 17 1 8
G 5 1 6
G 10 5 9
P 16 1 8
T 44 1 8
P 2 3 6
L 43 5 6
G 35 4 6
P 3 1 6
P 44 4 7
P 32 1 8
T 40 1 6
29 1
63 24 2
W 3 1 2
W 1 4 1
W 1 4 4
W 2 1 1
J 3 5 5
W 1 1 4
W 4 4 1
W 1 3 7
W 4 3 4
J 1 1 1
W 1 5 1
W 1 5 6
W 1 1 1
W 4 2 2
J 1 1 8
W 4 5 3
W 1 3 2
J 3 3 5
W 1 2 1
W 1 1 1
W 1 4 2
W 1 3 7
W 1 4 4
W 3 1 4
J 1 1 1
W 2 1 1
W 3 3 7
J 1 1 3
W 3 5 9
W 2 1 5
W 1 2 8
W 3 4 7
W 3 5 4
J 1 2 1
W 1 4 6
W 2 5 1
J 3 1 1
W 1 3 2
W 4 4 7
W 4 5 6
W 3 1 2
W 3 1 7
W 1 1 4
W 1 3 7
W 3 1 4
W 1 1 5
W 3 4 4
J 2 3 1
W 1 5 1
W 2 3 4
W 2 4 1
W 3 3 6
W 3 2 2
W 3 5 7
W 1 5 4
J 3 2 5
W 2 1 7
J 1 3 9
W 1 1 6
W 1 1 1
W 2 3 5
W 1 2 2
W 3 1 8
G 8 4 8
P 10 2 7
P 31 1 8
P 4 3 7
P 40 5 8
P 22 3 7
P 37 1 8
P 14 5 8
P 27 1 9
G 36 3 6
P 21 5 6
L 19 3 8
T 25 4 7
P 35 1 8
T 28 1 6
G 20 1 7
T 13 1 9
G 39 4 8
T 20 5 6
G 14 2 9
P 37 4 8
P 20 1 6
P 25 1 9
P 39 4 7
37 3
41 7
48 25 5
W 1 5 5
W 14 3 4
W 9 1 4
W 7 4 5
J 5 5 2
J 13 1 7
W 15 1 4
W 10 1 6
W 7 1 4
W 10 4 8
J 15 1 5
W 12 3 8
W 9 5 3
W 7 2 7
W 13 2 1
J 13 4 5
J 10 1 5
W 1 1 1
W 7 1 1
W 6 2 3
W 1 1 7
W 1 3 1
J 4 3 7
J 3 3 1
W 5 4 2
W 18 5 9
J 7 1 9
W 1 1 5
W 15 2 1
W 18 1 7
W 16 4 5
W 15 3 8
J 1 1 2
W 3 4 7
W 1 1 9
W 16 3 3
J 7 5 2
W 15 5 9
W 2 3 7
W 15 1 7
W 1 2 7
J 7 1 1
W 13 2 4
W 16 4 6
W 1 1 6
J 17 2 9
W 11 5 4
W 1 1 6
L 6 2 6
G 104 3 8
T 110 4 6
P 124 1 6
T 162 4 7
P 106 4 6
P 39 5 6
P 144 5 6
T 50 5 6
P 101 3 6
G 90 2 8
L 23 1 6
T 118 3 6
G 20 4 8
G 72 1 9
P 150 1 6
P 123 4 6
P 59 1 6
P 51 1 9
G 158 4 6
L 141 5 8
P 95 2 9
P 41 4 8
L 82 1 6
G 171 1 6
78 3
32 2
120 6
61 4
179 1
