72
17 5 4
W 1 1 7
W 1 5 1
J 1 2 6
J 3 4 6
W 1 4 1
J 5 1 6
W 1 3 3
W 2 1 5
W 1 4 3
W 5 3 4
J 3 4 9
J 1 1 8
W 4 5 9
W 2 2 2
W 3 3 4
W 2 1 4
W 4 4 9
P 5 1 8
L 2 3 6
P 5 1 6
L 1 4 6
G 1 2 6
4 1
2 7
1 8
2 4
99 15 3
J 3 1 4
W 7 4 8
J 1 3 1
W 3 5 8
W 4 1 2
W 3 5 1
W 1 3 7
W 1 5 1
W 4 1 5
W 5 4 2
W 3 2 1
W 4 1 5
W 3 3 9
W 7 1 9
J 1 4 4
W 2 4 1
J 1 1 3
J 4 3 7
J 5 1 1
W 4 2 7
W 1 1 1
J 6 2 1
W 6 3 8
W 4 4 4
W 4 2 9
J 1 1 2
W 1 1 4
W 3 1 4
W 3 1 8
W 1 1 9
J 1 2 7
W 6 1 7
W 1 4 7
W 3 1 1
W 1 2 5
W 4 1 1
J 6 1 1
J 5 4 1
W 2 3 5
J 5 3 7
J 3 1 3
W 5 1 9
W 3 1 4
W 6 1 5
J 2 2 4
W 5 1 7
W 7 1 7
W 5 2 9
J 4 1 1
W 5 1 4
W 6 5 2
W 6 5 6
J 1 2 1
J 5 1 4
W 1 2 7
W 6 4 5
J 5 3 1
W 4 1 7
J 1 5 2
W 6 4 4
W 1 1 1
J 4 2 6
W 5 1 1
J 7 1 1
W 1 2 4
J 7 1 2
J 1 1 8
W 7 4 7
W 6 3 1
W 3 1 8
W 5 5 6
W 1 3 5
J 6 5 4
W 3 4 7
J 1 1 7
W 3 4 4
J 1 5 5
W 1 1 5
W 1 5 1
W 3 1 7
W 5 2 4
W 1 1 1
W 3 2 1
W 1 1 8
W 1 1 2
W 5 1 1
W 7 3 1
W 3 4 4
W 2 1 1
W 2 1 1
W 1 4 4
W 2 5 1
J 1 5 1
J 3 3 8
W 2 3 1
J 5 1 9
W 5 4 1
J 3 1 1
W 3 1 8
T 60 2 8
L 41 1 9
L 1 3 8
G 55 4 8
P 37 2 6
T 61 5 9
P 1 5 8
P 19 4 6
P 29 3 6
T 63 1 6
G 41 2 9
P 72 1 7
T 62 2 6
T 57 3 8
P 41 1 8
73 6
1 1
29 8
8 31 5
W 5 5 3
W 8 1 7
J 8 5 9
W 3 1 1
W 1 3 1
W 10 1 6
J 5 1 1
W 2 5 5
P 61 5 6
T 61 4 6
T 43 2 7
T 101 4 7
P 9 5 8
P 21 1 8
P 18 2 8
T 33 4 7
P 61 3 8
P 96 2 8
T 77 5 9
P 82 4 8
P 1 1 8
P 25 5 6
P 72 5 6
L 91 1 9
P 95 1 9
P 47 1 6
G 89 2 6
T 23 1 7
P 93 2 6
P 6 1 9
P 63 2 8
L 107 1 6
P 73 1 6
T 94 3 8
P 11 5 8
P 31 4 8
P 109 5 6
P 1 4 8
P 92 1 7
109 3
78 9
75 4
22 9
8 1
9 25 5
W 6 4 5
J 6 1 1
W 1 1 8
J 8 5 4
W 4 1 1
W 1 1 7
W 4 1 5
J 4 4 6
J 4 3 1
P 4 5 6
L 6 5 6
P 1 4 6
P 7 5 6
L 7 3 6
L 9 1 6
P 4 4 8
T 1 1 6
L 3 5 8
P 7 3 6
G 8 2 8
P 2 2 6
L 1 3 6
P 7 3 7
L 4 1 6
G 7 1 7
P 6 2 8
G 1 4 6
T 7 5 6
P 4 4 6
G 1 3 9
T 1 3 6
G 7 1 6
P 1 1 6
P 8 5 9
7 7
4 1
5 1
2 1
1 5
32 7 5
W 7 1 5
W 6 5 1
W 3 1 7
W 5 4 3
W 3 5 7
J 1 3 4
W 4 1 1
W 1 1 7
W 5 5 2
W 5 5 7
W 2 1 4
W 1 2 3
W 7 3 1
W 1 3 1
J 6 5 7
W 7 1 1
W 1 1 1
W 1 2 8
W 1 5 4
W 2 5 5
W 4 3 1
J 3 1 7
W 2 5 8
W 4 2 1
W 1 4 1
J 2 3 3
W 1 4 6
W 1 1 4
W 3 1 5
W 1 1 5
J 1 4 4
J 5 2 4
P 6 3 9
L 5 1 6
T 1 5 7
L 4 4 6
T 7 2 9
P 4 3 9
P 7 5 8
4 1
5 6
7 1
3 4
5 1
49 47 7
W 20 2 6
W 6 1 5
W 18 1 1
W 19 3 9
W 1 1 2
J 7 3 3
J 5 3 7
W 19 4 4
W 10 1 3
W 3 2 4
W 12 4 7
W 10 1 7
W 5 1 8
W 14 1 2
W 10 2 4
W 2 1 1
W 3 1 6
J 7 3 3
W 1 1 8
W 1 1 1
J 25 1 2
W 21 3 2
J 9 3 7
W 6 1 6
W 5 3 4
W 11 1 7
W 16 1 8
W 19 2 4
J 21 1 1
J 1 1 1
J 22 5 1
W 15 3 1
J 14 3 1
J 1 1 8
W 18 5 1
J 1 5 4
J 24 1 1
W 8 1 8
J 3 3 4
J 23 1 1
J 19 4 6
W 11 2 1
W 25 1 3
W 14 2 9
W 24 3 5
J 1 1 1
W 23 2 1
W 15 4 8
W 9 1 4
P 58 2 8
P 27 3 6
P 91 1 9
P 262 3 8
L 177 5 6
T 200 5 7
P 127 5 6
P 146 4 9
P 250 5 8
G 217 4 7
G 184 1 6
G 47 5 6
T 115 2 8
T 148 2 6
P 241 4 8
G 55 2 8
P 64 5 7
G 136 4 8
T 228 1 6
P 147 4 6
T 82 4 6
P 9 5 8
P 93 1 6
T 149 1 8
P 145 2 7
T 74 1 6
P 6 2 8
P 1 5 7
P 22 3 8
P 190 3 6
P 150 2 6
T 75 1 8
T 113 1 6
T 205 5 8
G 89 2 6
G 178 4 7
P 39 2 8
L 247 2 6
P 256 1 6
T 82 3 8
T 151 4 8
L 125 1 6
P 173 5 6
G 222 1 8
T 13 3 6
P 199 4 6
T 117 4 8
160 5
90 1
247 5
26 4
4 1
244 5
122 9
21 5 6
W 11 2 4
J 13 5 1
W 5 1 4
J 5 1 6
W 2 1 7
J 5 3 3
W 12 1 3
W 3 2 4
W 7 4 4
J 13 5 1
W 1 3 7
W 5 4 2
W 7 5 3
J 3 5 4
W 8 1 6
W 11 1 3
W 4 3 9
W 13 2 6
W 3 1 1
W 1 1 3
W 13 1 1
G 139 4 6
L 121 1 8
P 136 5 8
L 63 3 6
P 19 5 6
41 8
19 4
93 3
13 6
141 5
21 9
33 9 3
W 1 2 8
J 1 5 1
W 3 4 1
J 1 1 1
W 1 4 9
W 1 1 1
J 1 3 2
W 1 1 2
J 1 2 1
J 1 1 4
J 2 2 8
W 3 4 1
J 3 1 7
J 1 1 4
W 1 4 2
J 2 5 7
W 1 2 7
W 2 3 1
W 1 1 7
W 1 1 8
W 1 5 8
W 3 1 1
W 1 2 8
W 2 2 4
W 1 1 3
W 1 1 8
W 1 5 9
W 1 2 6
J 2 3 3
W 1 1 7
W 1 3 5
W 1 3 1
W 2 4 3
G 1 4 8
P 4 5 6
P 20 1 6
L 34 4 6
T 19 4 8
T 21 1 6
L 14 1 8
P 27 5 8
G 31 4 7
4 3
31 3
31 1
89 27 10
W 5 5 4
J 2 5 1
W 9 2 1
W 4 4 2
W 4 4 9
W 7 1 1
J 1 4 7
W 9 3 2
W 8 1 6
W 8 5 1
J 7 5 1
W 9 1 9
W 3 1 5
J 4 1 4
W 1 1 2
W 5 1 3
W 4 1 4
W 3 4 8
W 4 1 5
W 2 1 7
J 1 5 1
W 7 4 1
J 1 3 2
W 3 2 7
W 6 3 3
W 7 1 5
W 2 5 9
W 9 1 1
W 1 3 6
W 1 4 1
W 8 1 1
J 4 2 5
W 7 5 1
J 1 5 4
W 6 3 7
W 4 5 6
W 1 1 4
J 2 2 4
W 2 4 4
W 9 2 9
J 6 2 1
J 7 4 9
J 1 1 1
J 1 5 3
W 5 5 1
J 8 1 7
J 9 1 5
W 4 5 1
J 2 1 4
W 9 3 7
W 6 2 1
W 9 3 1
W 1 3 1
J 4 5 4
W 6 5 9
J 1 1 1
J 3 1 6
W 4 1 8
W 7 5 7
W 7 1 7
W 1 5 6
W 4 3 1
J 1 1 4
W 3 1 2
W 7 2 5
W 6 1 3
J 3 1 1
W 6 3 1
J 4 1 7
W 3 3 3
J 2 3 6
J 1 2 1
W 1 1 7
J 5 5 1
W 4 2 6
J 2 5 9
W 4 4 9
W 4 4 7
W 7 4 6
W 5 1 7
J 4 1 7
W 1 1 6
W 4 1 9
W 9 3 2
J 2 1 2
W 8 4 9
W 1 3 1
J 1 5 4
W 4 5 4
T 67 5 6
T 2 3 6
G 82 1 7
P 60 5 9
P 20 5 7
P 11 4 8
G 77 5 6
T 86 5 6
P 75 2 8
T 61 1 6
P 83 2 6
T 44 1 9
G 62 3 7
P 80 4 6
T 85 2 7
G 72 1 9
P 2 1 7
T 63 1 8
T 20 3 9
P 43 1 6
P 94 5 6
T 77 4 6
T 94 1 8
G 25 4 6
P 15 2 6
T 43 4 6
P 53 1 8
21 1
31 2
93 7
94 7
55 7
59 7
89 3
92 2
36 1
19 6
42 23 1
W 17 1 6
W 9 4 1
W 16 1 8
W 11 5 2
W 19 3 4
J 18 1 1
W 15 2 7
J 13 2 1
W 7 1 2
W 7 2 1
J 3 1 3
W 16 5 9
W 22 3 9
J 19 4 1
W 15 1 1
W 7 3 1
J 21 5 7
W 2 5 7
W 7 5 7
W 21 2 1
J 15 2 3
J 14 4 3
J 21 1 4
W 15 1 8
J 15 1 7
W 13 1 3
W 11 1 4
W 21 1 4
J 2 5 7
W 10 2 8
W 7 3 8
W 3 3 4
W 1 2 6
J 19 1 7
W 6 2 1
W 7 4 4
J 9 5 5
W 1 2 9
W 11 4 5
W 13 1 4
W 15 1 1
W 6 2 5
T 39 3 8
T 89 5 8
P 10 2 9
P 171 3 6
T 51 5 8
G 199 3 8
P 159 3 6
P 189 1 6
P 101 1 6
P 211 4 8
P 25 1 6
P 47 1 6
P 209 4 7
T 6 1 6
P 37 4 7
G 121 3 8
L 7 5 8
T 73 2 6
T 115 1 7
P 80 5 8
T 57 5 7
G 23 2 6
T 101 1 6
83 3
62 53 10
W 9 1 9
W 22 4 4
W 13 3 8
W 25 2 5
W 21 5 9
W 22 4 1
J 11 5 6
W 22 5 8
W 23 1 7
W 5 2 1
J 15 5 1
W 1 2 4
W 29 1 3
W 17 3 3
J 17 1 4
W 23 1 4
J 4 2 5
J 25 1 4
W 28 1 7
W 28 1 7
W 27 1 1
J 7 1 5
W 15 2 1
W 5 4 5
J 17 1 5
W 2 5 1
W 14 2 1
W 17 3 1
W 26 3 4
W 19 3 4
W 5 5 7
W 24 1 6
W 3 5 7
J 4 5 6
W 1 1 4
W 2 3 1
W 14 1 6
W 8 4 1
J 29 4 1
W 9 1 3
J 25 1 3
W 2 1 8
W 7 5 6
J 24 3 6
W 25 4 4
J 22 3 7
W 2 3 4
W 5 1 1
W 26 1 4
W 1 5 7
J 29 4 1
W 23 4 5
W 20 1 6
J 27 5 7
W 27 5 9
J 20 1 7
W 23 5 5
W 18 3 4
W 17 5 1
W 5 1 7
W 13 1 1
W 17 1 5
L 57 1 6
P 23 4 6
G 69 5 7
P 85 1 8
T 225 1 8
T 74 1 6
G 149 1 6
P 153 2 7
L 120 3 6
P 289 3 7
L 149 3 8
G 213 1 8
P 285 1 6
T 25 3 8
G 213 3 6
T 52 1 6
G 153 2 7
L 169 3 8
P 101 3 8
T 88 2 6
L 3 1 6
P 127 4 7
T 141 3 6
P 19 3 8
P 48 4 9
T 109 1 7
P 251 5 8
G 253 2 7
T 57 1 6
T 131 3 6
P 109 2 6
P 76 5 8
T 101 1 6
L 80 1 6
G 90 5 7
P 9 2 6
P 39 3 6
P 183 1 6
P 147 4 6
T 193 2 6
L 125 4 9
P 212 4 6
P 133 3 6
G 209 2 9
G 264 1 8
T 190 3 6
P 97 2 6
P 202 3 8
T 6 1 6
T 278 1 9
P 257 2 6
P 248 2 6
P 220 3 8
89 5
179 8
113 1
195 4
173 7
173 2
7 4
236 2
139 9
5 7
73 45 7
W 15 4 9
W 2 4 2
W 8 3 7
J 7 1 9
W 19 1 2
W 1 1 1
W 4 3 1
W 1 3 9
W 9 2 6
W 6 5 1
W 5 1 2
J 3 2 1
W 8 3 4
J 9 5 1
W 11 1 7
W 1 3 1
W 6 5 1
W 4 1 4
J 16 3 9
J 17 3 8
W 19 5 1
W 7 3 7
J 2 3 3
W 4 2 7
J 9 4 7
W 8 4 6
W 16 4 8
W 17 1 9
J 15 3 5
W 18 1 7
W 18 1 9
W 17 2 7
W 6 5 1
W 16 3 1
J 8 4 6
W 18 1 4
W 1 1 4
W 9 2 7
W 4 2 8
W 19 4 1
J 4 2 1
W 7 4 1
W 6 1 6
J 2 1 1
W 5 4 1
W 6 1 6
W 19 4 4
W 2 4 6
W 4 1 1
W 1 3 4
W 14 4 1
W 5 4 2
J 7 4 1
W 14 1 4
W 17 4 7
W 1 1 4
W 16 3 1
J 19 2 1
W 6 4 5
J 8 3 7
W 15 1 1
W 7 2 1
W 9 3 7
J 12 5 1
W 2 3 7
J 3 4 4
W 2 4 6
J 9 1 7
J 6 1 6
W 4 1 5
W 16 1 9
W 4 1 2
W 1 1 6
L 121 5 6
P 41 5 6
T 194 5 6
L 143 5 8
P 143 1 8
L 29 1 8
G 181 4 8
T 133 1 6
T 57 2 7
P 144 5 8
T 113 3 6
T 69 1 9
T 193 1 6
P 178 5 6
P 94 3 8
L 9 1 6
P 65 5 8
P 101 1 6
P 53 2 8
T 49 2 6
P 161 4 6
P 29 5 6
G 44 2 8
P 67 1 9
P 177 5 7
T 40 3 8
T 15 2 8
P 109 1 6
T 20 1 8
P 125 1 6
P 5 4 7
P 15 1 6
T 101 2 6
L 45 5 7
T 159 3 6
G 1 4 8
T 65 4 6
P 1 1 6
L 169 5 6
T 109 4 6
G 165 1 6
P 148 1 7
P 57 2 6
G 26 1 8
T 133 1 6
105 1
43 7
189 7
13 7
24 2
99 2
3 7
72 39 9
W 3 4 6
W 5 5 6
W 7 2 1
W 1 2 1
W 5 4 7
W 15 2 9
W 1 5 1
W 13 4 7
W 3 2 4
W 13 1 4
J 13 4 4
W 13 1 4
W 2 3 1
W 1 5 9
W 9 1 5
W 13 4 4
W 8 1 1
W 5 1 8
J 5 1 1
W 9 1 4
W 13 4 4
W 9 5 2
J 1 2 5
W 10 1 7
J 10 4 2
J 13 1 6
J 1 5 3
J 5 3 5
W 13 4 4
W 7 1 4
W 9 3 1
W 15 5 4
W 5 4 1
W 1 1 7
J 11 3 6
J 9 2 7
W 9 1 1
W 2 1 1
W 4 1 4
W 5 4 7
J 7 5 7
W 11 1 3
W 10 2 6
J 9 2 8
W 6 5 3
W 13 4 7
W 13 5 3
J 11 5 1
J 14 1 7
J 13 3 5
W 10 1 1
W 1 1 3
W 15 2 6
W 1 3 3
W 5 5 7
W 9 4 3
W 8 4 8
J 1 5 1
W 13 1 8
W 16 4 7
W 1 1 4
W 9 5 4
W 12 2 1
W 9 1 3
W 13 3 4
W 7 3 2
W 5 3 1
J 1 1 1
J 3 4 9
W 8 2 4
W 5 5 7
J 11 3 1
P 135 5 7
T 65 1 7
P 39 1 9
G 161 3 7
L 106 3 6
P 159 1 7
P 25 4 8
T 7 2 6
G 121 4 9
L 109 1 8
P 127 1 9
T 135 4 7
P 55 2 9
P 113 2 6
P 1 5 6
G 159 3 9
P 113 1 6
P 55 5 6
T 38 3 8
P 119 3 9
G 43 5 8
T 31 1 8
L 103 1 7
P 25 2 6
T 1 1 6
P 37 1 9
P 136 5 6
T 113 2 6
T 99 2 6
T 81 1 6
L 145 5 6
G 92 3 6
T 1 5 6
T 111 1 6
P 131 3 6
P 29 2 6
T 62 3 6
P 106 4 6
P 127 1 7
157 1
140 9
85 1
141 3
74 1
63 2
95 5
136 9
82 3
91 25 6
W 17 3 3
W 14 1 1
W 11 5 4
W 1 4 2
J 8 1 9
J 13 1 2
W 25 1 1
W 1 1 7
W 12 3 6
J 6 1 4
W 25 4 5
J 27 2 9
W 17 3 1
W 23 3 4
J 21 2 7
J 22 2 6
J 1 3 4
J 8 4 7
W 21 5 6
W 21 1 7
W 21 1 4
J 25 1 7
W 26 1 2
W 15 1 1
J 23 5 1
J 26 3 4
W 15 1 7
W 5 1 2
W 17 5 6
J 25 1 9
W 6 2 3
W 1 1 6
J 1 1 6
W 1 2 5
W 1 4 9
W 9 3 4
W 28 3 2
W 1 4 1
W 8 2 2
J 27 4 5
W 5 3 8
W 26 1 6
W 28 2 6
J 5 5 9
W 25 3 1
W 1 1 3
J 17 4 6
W 15 1 7
W 19 4 1
J 23 4 1
J 8 5 5
W 21 5 1
J 15 1 2
W 1 1 3
J 21 4 9
J 13 4 2
W 9 4 2
W 15 1 7
W 25 2 7
W 15 3 1
J 17 5 1
J 27 4 4
W 19 5 3
W 13 1 8
W 21 1 4
W 15 1 7
W 21 3 5
W 13 3 1
W 9 5 4
J 24 2 1
J 23 4 1
W 13 4 8
W 3 2 1
W 22 1 7
W 13 3 1
J 3 1 4
W 11 1 2
J 15 4 1
J 25 3 2
W 21 5 4
W 1 1 3
W 11 4 4
W 19 4 7
W 27 1 7
J 1 1 3
W 1 3 7
W 1 2 6
W 7 1 8
W 19 1 4
W 19 5 2
J 7 1 2
G 110 1 7
P 272 2 8
P 261 2 6
P 3 5 6
T 219 5 6
G 97 2 8
T 63 2 6
T 236 4 7
P 166 3 6
P 268 1 6
P 120 5 6
P 122 1 6
G 272 4 9
P 183 2 8
G 140 1 6
P 93 1 6
G 119 3 9
P 16 2 8
P 187 5 6
G 22 1 6
P 278 2 9
P 117 5 8
P 1 4 6
P 234 5 6
P 18 5 6
36 1
50 2
39 2
87 1
162 5
201 4
77 7 1
W 5 1 1
J 11 3 9
W 5 3 3
J 4 2 9
W 13 3 3
W 7 1 5
W 5 1 4
W 9 1 3
W 1 3 6
J 13 1 7
W 4 3 1
J 3 2 1
W 5 1 6
W 13 3 1
W 13 2 2
W 1 1 2
W 9 4 4
W 3 1 7
W 13 1 2
W 9 3 1
W 3 4 2
W 11 5 5
J 11 4 4
W 9 4 1
W 1 1 6
J 3 5 9
W 8 4 6
W 13 2 7
W 5 1 7
J 4 1 7
W 13 1 6
W 3 1 8
W 14 3 8
W 3 1 6
W 9 5 2
W 5 1 7
J 14 2 1
J 1 2 3
W 9 1 1
J 12 1 1
W 1 3 6
J 10 4 8
J 13 1 2
W 13 1 8
J 3 1 7
W 11 4 1
W 3 4 1
W 3 1 5
W 1 1 1
W 3 5 6
J 7 1 1
W 9 2 2
J 11 5 1
J 10 4 8
J 1 2 8
W 11 3 7
J 1 2 9
W 2 1 1
J 1 1 5
W 6 1 9
W 6 5 3
W 6 1 1
W 13 1 6
W 1 1 3
W 7 1 1
W 9 2 9
W 6 3 3
W 3 2 1
W 1 2 1
W 7 2 7
J 11 3 9
W 11 1 4
W 11 1 4
W 1 3 6
J 9 2 2
W 2 4 3
W 5 1 1
L 114 5 7
P 26 1 9
L 57 3 6
P 38 3 6
P 13 4 6
P 133 5 6
P 140 5 6
102 2
81 35 5
J 16 1 1
J 10 2 4
W 26 4 6
W 8 5 8
W 23 3 8
J 13 1 2
J 1 5 2
W 26 4 4
J 11 2 9
W 18 5 7
W 10 3 4
J 8 3 4
W 10 2 3
W 8 3 7
W 2 4 7
W 7 1 9
W 23 1 6
W 26 3 9
W 4 2 5
J 20 3 1
J 1 1 4
W 2 5 2
W 7 3 1
W 1 1 4
W 12 4 1
J 8 5 1
W 10 1 2
W 1 2 7
W 18 1 5
W 1 3 9
J 5 3 1
W 25 1 2
W 22 5 9
J 27 1 8
W 1 2 1
J 5 5 4
J 16 5 3
W 14 5 6
W 23 5 7
W 4 1 4
W 15 1 2
W 3 3 1
W 7 1 1
J 26 1 5
W 21 3 4
W 14 4 5
W 12 3 7
W 16 1 5
J 17 3 1
W 15 5 3
W 6 2 4
W 8 1 7
W 15 1 4
J 10 4 1
J 13 4 5
W 5 2 1
J 10 5 8
J 21 1 4
W 13 1 7
W 10 1 3
J 21 1 2
W 1 5 6
J 1 4 1
J 22 4 1
W 3 4 5
W 1 5 1
J 4 4 7
W 5 2 9
W 5 4 1
W 11 1 4
J 19 3 1
J 20 1 1
W 12 5 4
J 4 1 6
J 1 3 1
J 21 4 1
W 16 1 1
W 21 1 1
W 25 3 9
J 17 2 7
J 18 1 6
L 58 1 8
G 139 5 6
G 15 5 6
L 91 1 6
P 225 3 6
P 87 2 8
P 108 3 7
L 152 2 9
P 187 1 7
P 256 4 8
P 163 1 6
T 240 1 6
T 38 1 7
G 180 1 6
T 179 3 6
G 61 4 8
P 169 5 6
G 11 4 8
L 46 3 6
P 61 2 6
P 168 5 6
P 217 2 7
P 30 1 7
T 111 1 8
T 148 5 6
P 257 1 7
T 52 2 6
P 160 1 9
P 251 1 8
P 110 1 6
T 111 1 7
P 3 2 6
L 196 5 6
P 66 1 6
P 246 1 9
265 5
75 3
110 1
34 1
88 2
84 23 4
W 3 1 6
W 5 1 6
W 3 1 4
W 3 1 7
J 6 1 1
J 16 5 4
W 8 5 1
J 16 2 4
W 15 3 6
J 18 1 7
W 9 5 8
W 3 2 6
W 7 1 8
W 14 3 4
J 1 2 1
W 1 1 1
W 5 1 1
W 2 1 5
W 4 1 6
W 1 2 4
W 11 2 4
W 7 1 6
W 4 3 1
W 3 1 8
J 9 4 1
J 7 3 8
W 17 2 5
W 17 3 7
W 4 4 1
W 6 1 5
W 2 2 7
W 16 2 5
W 14 1 8
W 3 1 4
J 11 4 1
W 19 1 1
W 17 1 1
W 2 4 9
W 11 3 9
W 16 1 1
W 6 2 2
W 17 5 5
W 10 1 8
W 1 4 4
W 6 2 1
W 8 2 4
W 2 4 7
W 6 5 1
J 10 5 7
W 3 4 7
J 1 2 1
W 13 5 9
W 9 3 1
W 11 2 1
W 13 1 1
W 3 1 7
W 18 2 1
J 14 1 1
W 13 1 1
W 13 3 1
W 16 1 2
W 14 1 5
W 13 2 9
W 7 1 7
W 19 5 3
W 12 5 9
W 1 5 4
W 1 2 8
W 4 5 1
W 17 3 3
W 17 5 1
W 16 3 5
W 1 5 2
W 2 5 8
W 13 3 9
J 19 2 4
W 14 1 3
W 10 1 9
W 11 1 8
W 14 1 6
W 3 5 1
W 16 1 1
W 5 1 8
W 18 2 6
P 184 5 8
P 166 1 7
P 114 1 6
T 52 1 6
T 143 4 6
G 118 3 6
P 36 2 6
G 61 1 6
P 4 4 6
G 159 5 6
G 102 1 7
P 106 3 7
G 159 5 8
P 70 1 6
G 106 2 8
P 136 4 8
P 46 5 6
G 119 2 6
P 1 1 6
T 27 1 6
P 66 1 8
T 61 5 8
T 184 1 8
187 1
31 4
26 6
88 1
40 19 10
J 5 1 6
W 1 1 4
W 13 1 5
W 6 4 7
W 7 1 4
W 9 1 7
W 9 4 6
J 5 4 1
W 12 5 9
W 5 3 6
J 1 1 2
J 1 3 1
W 11 3 7
J 1 4 1
W 3 3 1
W 11 1 1
W 6 3 1
J 9 1 8
W 17 1 4
W 20 5 1
W 15 5 9
W 6 5 1
J 19 1 1
W 11 1 9
W 13 5 1
W 13 5 7
W 12 1 4
W 9 4 1
W 11 5 1
W 1 2 4
J 7 1 4
J 5 4 4
W 13 3 9
J 17 3 7
W 1 1 7
W 5 1 4
J 16 4 1
W 15 1 4
J 5 1 3
W 17 2 8
T 91 4 6
P 203 3 6
P 174 3 6
G 63 5 8
L 78 2 9
T 67 4 6
P 36 2 8
P 154 3 6
T 43 1 6
L 191 1 6
T 133 1 6
T 60 5 6
P 34 3 7
T 1 1 8
P 79 1 6
T 17 5 7
T 169 3 8
P 38 2 6
T 133 3 8
116 2
159 8
20 1
14 1
89 4
106 1
106 4
162 2
69 4
182 8
17 27 1
W 28 5 4
W 5 3 3
W 18 1 3
W 1 3 1
W 1 1 5
J 1 2 5
W 15 1 9
J 17 5 2
J 5 4 8
W 17 5 7
W 17 1 3
W 27 3 5
W 4 1 1
W 13 5 8
W 5 1 1
W 12 2 7
W 5 1 5
P 204 1 9
G 244 1 8
L 84 2 6
L 15 5 6
P 13 1 6
P 117 1 6
P 259 4 7
T 276 1 6
P 153 1 6
T 193 4 9
P 109 5 8
P 249 1 9
P 193 5 7
P 79 3 8
P 80 1 9
G 136 4 6
T 260 3 7
P 101 3 8
L 261 1 8
P 242 1 7
P 33 4 8
T 45 3 6
L 187 5 6
T 58 1 8
G 36 1 9
T 243 3 6
T 193 5 7
177 1
21 15 6
W 8 1 7
W 8 4 1
W 12 4 2
W 11 1 9
W 14 1 1
W 3 2 7
W 1 3 9
J 8 2 7
W 12 1 8
J 5 3 2
W 1 1 6
W 13 2 3
W 7 2 4
W 1 1 2
J 9 5 1
W 7 4 1
W 9 2 9
W 12 4 8
J 6 1 6
J 13 1 6
J 3 3 7
P 69 2 6
P 100 2 9
T 116 5 7
P 136 5 6
P 83 3 8
P 16 5 8
T 110 4 6
T 144 1 8
T 65 3 6
P 130 2 9
P 30 2 7
T 98 2 6
P 126 1 7
P 27 4 6
G 66 5 6
74 4
126 4
58 3
118 4
56 1
17 1
79 50 5
W 11 2 5
J 12 1 9
W 6 1 8
W 6 3 1
W 12 5 1
W 8 4 1
W 12 1 1
W 13 3 9
J 11 2 1
W 1 3 2
W 7 2 4
J 13 4 7
J 4 1 1
W 10 3 7
J 1 2 1
W 16 3 4
W 6 3 1
W 9 2 7
W 2 2 1
W 13 1 1
W 10 1 8
J 3 3 1
J 16 4 4
W 6 1 1
W 16 1 5
W 11 1 7
J 17 1 2
W 17 1 1
W 7 3 8
W 8 5 4
W 12 1 3
J 14 5 5
W 6 1 4
W 4 1 3
W 8 4 4
J 14 5 4
W 11 4 1
W 2 2 4
J 13 1 8
W 8 5 7
W 17 4 7
W 3 3 3
J 3 5 7
W 1 5 6
W 2 5 7
W 10 5 8
W 4 3 1
J 1 1 2
W 4 2 8
W 15 1 1
J 10 5 1
W 2 4 9
J 2 1 1
W 15 3 1
W 16 4 1
W 3 2 2
J 14 4 9
J 5 1 9
W 11 1 6
W 11 5 1
W 11 4 1
J 1 2 4
W 8 2 1
J 3 2 7
W 6 3 5
W 1 4 1
W 4 1 4
J 12 2 1
J 8 1 3
W 17 5 3
W 15 1 3
W 17 5 1
W 8 3 5
J 7 1 2
W 15 4 2
W 13 1 3
W 13 1 6
J 4 1 1
W 1 5 1
L 169 1 6
P 101 5 6
P 85 5 7
G 95 4 6
T 86 5 6
T 90 4 9
P 111 1 9
L 127 4 6
P 53 2 7
T 151 2 6
T 115 1 8
P 39 1 6
P 155 3 6
L 155 3 7
P 67 1 6
P 40 1 7
L 97 3 8
P 36 5 6
P 107 4 6
P 169 3 6
P 71 1 9
G 118 5 6
P 144 4 9
P 14 1 9
T 101 3 9
P 73 5 6
P 1 1 7
T 32 1 6
L 95 1 6
L 15 1 6
P 128 5 6
P 81 3 6
L 172 5 6
P 169 4 6
P 51 1 8
T 21 2 8
P 149 2 7
P 131 1 6
T 51 1 8
P 126 2 6
P 131 1 8
P 71 5 9
L 42 1 6
T 31 2 6
P 106 1 9
L 64 5 8
P 71 1 6
P 173 3 6
L 12 1 6
P 71 1 8
101 4
16 9
41 9
141 6
168 6
41 33 1
W 5 1 4
W 7 1 1
W 4 2 1
W 5 4 8
J 2 1 7
W 4 5 8
W 6 1 2
W 1 2 7
W 1 5 9
W 2 2 7
W 4 3 1
J 3 4 1
W 1 5 5
J 5 1 1
W 1 2 1
W 6 3 1
W 4 3 6
W 1 3 2
W 4 1 8
W 5 5 1
J 3 5 3
W 5 2 3
W 1 4 2
J 1 1 7
W 6 1 4
J 7 4 8
W 7 5 1
W 7 3 4
W 1 1 3
J 1 3 9
W 3 1 4
W 7 5 6
W 1 1 5
W 5 3 6
J 8 2 7
W 3 3 3
W 3 2 1
W 1 3 4
J 4 4 4
J 5 4 5
J 7 3 1
T 16 4 8
P 77 5 7
T 63 1 6
T 57 4 6
G 28 2 6
T 54 4 6
P 55 4 6
P 21 2 8
P 32 1 6
T 17 5 7
P 8 4 9
P 13 1 9
G 67 3 6
P 85 1 6
T 38 4 6
G 44 4 6
P 50 3 9
P 83 4 6
T 59 4 6
G 61 4 8
T 62 5 6
P 51 1 9
P 6 1 9
L 94 1 9
T 49 1 6
P 10 3 9
P 2 1 6
P 97 4 6
L 84 3 6
T 42 5 6
P 61 2 6
P 16 1 6
G 66 4 8
36 2
61 52 9
W 1 1 1
W 4 3 9
W 3 4 8
W 3 3 3
J 4 2 4
W 1 4 6
W 1 3 7
W 2 3 1
W 4 1 9
W 1 1 4
W 1 4 1
W 4 3 3
W 1 2 1
J 1 5 1
W 3 1 6
W 1 3 8
W 4 4 9
W 3 1 5
W 1 4 4
W 4 4 8
J 3 2 7
J 1 3 1
W 1 4 4
W 1 2 1
W 1 1 1
W 1 5 4
W 2 1 6
J 2 3 2
W 1 3 7
J 2 3 1
J 2 1 7
J 3 1 6
W 2 1 6
J 1 1 5
W 2 2 7
W 3 4 7
W 1 2 5
W 1 1 7
J 2 3 1
W 3 4 5
J 1 3 8
W 1 1 6
W 1 3 2
W 1 1 7
W 1 1 1
W 1 3 1
W 1 1 6
W 1 5 9
W 1 1 8
W 3 4 6
W 1 1 1
W 3 3 7
W 2 1 8
J 1 2 1
W 4 3 7
W 2 1 3
W 2 4 8
W 3 5 7
W 1 3 1
W 3 2 3
W 1 2 9
G 6 2 6
P 33 4 6
L 14 3 6
P 36 1 6
T 4 3 8
P 4 4 8
P 34 2 7
G 18 2 6
P 7 4 7
P 28 1 6
T 38 1 7
P 30 2 8
G 16 5 6
T 16 1 9
G 32 4 8
P 33 4 9
P 4 1 8
P 32 4 7
T 20 4 6
P 1 1 8
P 38 5 8
P 5 1 8
T 16 2 6
T 41 1 8
P 1 4 8
L 37 2 8
T 30 1 9
P 32 2 6
G 7 1 6
T 7 5 8
T 20 5 9
P 31 1 6
P 36 2 6
P 25 4 6
T 22 3 8
P 2 4 6
G 28 1 6
T 17 4 8
G 16 1 6
L 35 5 6
L 1 5 7
P 11 5 6
T 5 1 8
T 3 3 8
T 19 4 8
P 35 2 8
L 10 5 6
P 34 1 7
P 22 5 6
P 11 3 6
P 16 1 6
P 31 5 6
1 5
43 3
18 9
10 1
2 4
21 6
26 7
36 1
5 3
5 15 1
W 6 3 7
W 5 4 4
W 6 1 4
J 13 1 1
J 15 2 5
T 139 4 6
T 42 2 6
T 97 2 6
P 79 3 7
P 47 4 6
T 142 4 7
P 28 3 6
L 67 4 6
P 149 4 6
P 96 1 6
P 153 5 6
T 169 2 6
T 46 2 8
P 66 4 6
P 103 5 7
140 2
63 15 8
W 11 1 8
W 10 2 1
W 14 4 1
W 4 3 1
W 9 1 8
J 1 1 4
J 10 2 7
W 11 4 2
W 4 4 1
W 13 2 8
J 7 2 1
W 7 1 8
W 11 3 4
W 14 1 8
W 1 5 2
W 10 5 6
W 1 4 8
W 8 2 2
W 15 1 1
W 1 2 4
W 1 1 5
W 1 2 1
W 2 4 6
W 3 4 4
W 7 2 3
W 10 4 4
W 8 1 6
W 6 1 3
J 11 1 6
W 1 1 1
J 11 1 1
W 14 3 7
W 2 1 4
J 9 2 4
J 1 3 3
W 6 3 1
W 4 2 9
W 9 1 9
J 3 5 2
J 10 1 4
W 2 4 1
W 11 1 4
W 11 1 1
W 5 1 3
J 13 3 5
W 10 1 3
J 6 5 5
W 1 3 9
J 4 5 7
J 1 1 8
W 9 1 1
W 1 1 7
W 1 1 7
W 6 2 1
W 2 1 5
W 6 4 4
W 11 3 1
W 13 2 8
W 1 1 7
W 10 5 5
W 13 2 7
W 1 1 1
W 10 4 6
G 145 5 8
P 51 5 6
L 1 2 9
T 115 3 6
T 85 1 9
P 37 5 8
L 49 4 6
G 46 3 6
P 145 5 8
P 97 1 6
P 49 1 8
P 81 1 6
T 135 2 8
P 67 3 6
P 65 4 6
33 5
79 5
26 1
59 9
111 1
145 9
11 8
39 5
11 15 3
W 1 5 5
W 1 1 1
W 1 1 1
W 1 2 1
W 2 1 5
J 1 4 4
W 1 3 4
W 2 2 7
W 1 2 4
J 2 5 7
W 1 4 1
T 1 2 6
T 20 1 8
P 1 4 6
P 17 5 6
T 19 5 6
P 9 3 6
T 1 1 6
G 17 1 7
G 14 3 6
P 1 1 6
L 10 1 6
T 8 1 8
L 6 2 7
T 20 1 8
T 3 1 9
5 3
4 6
13 1
53 5 7
W 3 2 7
W 6 1 7
W 5 5 1
W 2 4 1
W 1 4 1
J 3 4 7
W 7 1 1
W 1 1 4
W 3 3 4
W 6 1 1
W 6 1 7
W 3 3 1
W 3 1 4
W 4 5 5
W 3 4 8
W 2 5 7
W 6 3 4
W 5 3 2
J 3 1 7
J 6 1 5
J 3 3 1
W 2 2 4
W 1 5 1
J 4 1 1
J 7 2 2
W 1 5 4
W 4 4 4
W 1 2 1
W 7 1 3
W 6 3 1
J 1 3 1
W 1 3 3
W 7 1 6
W 1 4 1
W 6 1 7
W 2 4 3
J 6 5 7
W 3 5 5
W 4 5 4
W 2 1 3
W 6 1 1
W 1 5 2
W 3 2 3
W 6 1 2
J 3 1 6
J 6 1 4
W 7 3 4
J 5 5 8
W 2 4 8
W 4 1 6
W 7 1 1
J 5 1 1
W 1 2 9
T 7 2 8
P 64 2 6
T 23 5 6
P 42 1 8
T 46 5 7
34 3
29 9
15 6
15 7
31 2
1 4
1 6
73 44 1
W 1 5 3
J 9 1 4
W 5 5 1
W 9 3 2
W 1 1 7
W 7 1 7
W 9 4 8
W 1 1 1
J 6 1 1
W 4 5 8
J 1 1 1
J 8 3 7
J 2 1 1
W 1 1 3
W 3 5 3
W 9 2 4
J 3 3 4
W 1 1 7
W 3 1 1
J 1 3 2
W 5 1 5
J 7 1 1
W 6 3 1
W 7 3 4
W 6 4 3
J 8 3 1
W 2 5 8
J 3 5 4
W 10 3 7
W 7 3 1
W 9 5 1
W 3 1 3
J 5 5 1
J 8 1 1
W 2 1 3
W 7 5 1
J 11 4 7
W 3 2 8
W 9 1 1
W 3 2 4
J 4 4 3
W 1 4 8
W 1 5 1
W 4 2 3
W 7 3 9
J 11 4 1
J 2 1 6
J 6 1 1
W 1 2 9
W 3 5 1
W 8 1 2
J 3 1 9
W 4 4 9
J 7 5 4
W 3 4 1
W 1 5 9
J 8 1 6
W 6 2 1
W 4 1 7
W 7 3 3
W 3 4 5
J 5 1 1
J 7 1 1
W 11 1 4
W 1 5 2
W 1 2 1
W 8 2 1
J 4 2 9
W 2 1 4
W 11 5 1
W 1 3 2
W 3 3 3
J 8 4 6
P 82 2 6
P 77 2 6
L 5 1 6
P 66 1 8
P 29 5 6
T 99 2 6
P 18 1 8
P 72 3 9
P 101 4 6
G 103 4 6
P 38 5 8
T 99 4 6
G 98 1 8
P 113 1 7
T 26 3 8
L 92 1 8
T 54 1 6
L 95 3 6
T 76 1 6
L 39 5 8
P 53 1 8
P 33 1 7
P 59 3 6
T 66 4 9
T 53 4 9
P 32 1 6
P 50 5 6
P 63 5 9
P 6 1 6
P 55 5 6
P 40 4 8
L 25 5 8
P 90 1 6
P 73 4 8
L 61 1 8
P 70 1 9
G 81 2 6
L 47 4 6
P 86 1 9
P 8 1 9
P 42 2 6
P 60 2 6
P 1 2 6
P 102 1 6
41 7
93 43 7
W 7 1 7
W 4 1 7
W 7 1 5
W 1 5 4
W 7 5 1
W 1 4 8
W 5 1 8
W 5 2 7
W 3 5 8
W 3 2 7
J 4 2 7
W 4 4 7
J 1 2 1
W 1 1 5
W 2 1 5
W 2 5 7
W 1 4 1
J 2 3 7
W 3 2 4
W 6 5 7
W 7 4 6
W 7 1 7
J 2 4 5
W 1 1 8
W 4 2 7
J 1 5 8
W 1 1 8
W 2 3 7
J 7 5 1
W 7 3 1
W 1 4 1
W 1 4 7
J 2 3 1
W 3 2 1
W 7 4 8
J 2 1 4
W 3 3 1
W 4 5 9
W 4 2 4
J 4 5 8
J 7 4 4
J 6 2 1
W 4 5 1
W 6 5 7
W 5 1 7
J 4 1 2
W 5 1 6
W 6 4 4
W 4 5 1
W 4 2 3
W 2 1 9
W 4 1 8
W 5 5 1
W 4 3 7
W 1 4 1
W 1 3 9
J 7 4 9
W 2 5 3
W 6 4 7
J 5 3 8
W 3 4 1
W 7 3 1
W 6 5 3
J 2 1 4
W 4 4 1
W 4 1 2
W 3 1 5
W 1 1 2
W 1 2 9
W 5 5 6
W 6 1 1
J 5 2 4
W 1 4 1
W 4 2 7
W 1 5 7
J 1 5 8
W 2 1 9
W 7 3 4
W 2 5 1
J 1 4 2
J 5 1 4
W 1 1 1
J 1 2 1
J 6 5 7
W 7 1 1
W 6 2 4
W 7 3 4
W 5 4 7
W 5 4 1
J 3 2 2
W 5 3 3
W 6 4 8
W 2 3 2
L 14 5 8
P 35 1 8
T 51 5 8
P 12 3 9
G 6 4 7
L 53 2 6
P 70 1 9
P 55 2 8
P 2 2 6
G 25 4 6
L 25 1 6
P 12 5 7
G 25 1 6
P 39 3 7
P 64 5 7
T 75 3 6
L 13 3 7
P 44 3 6
L 2 2 8
P 40 5 6
T 33 5 8
P 53 1 8
G 16 4 6
P 14 5 6
L 38 3 6
P 67 5 7
P 53 5 6
P 63 4 6
T 45 3 6
T 46 4 6
G 3 1 8
T 1 1 6
T 54 4 8
L 1 1 6
P 4 4 8
T 51 1 6
G 66 1 6
P 13 1 6
L 72 3 6
P 67 1 7
P 21 1 8
T 7 1 9
P 35 2 8
41 3
75 1
27 1
27 7
1 9
1 4
72 1
79 40 5
W 9 5 4
J 11 2 2
W 8 2 8
J 2 4 6
J 3 4 5
J 5 5 4
J 11 4 7
W 5 2 1
W 6 1 4
W 13 1 4
W 6 4 4
W 2 5 4
J 5 5 5
J 1 4 1
W 3 2 5
W 1 4 4
W 1 1 1
W 3 1 1
W 13 1 9
W 5 2 8
J 1 2 6
W 8 2 3
W 1 2 2
W 13 3 3
W 1 2 1
J 1 4 1
W 9 1 1
W 13 1 1
W 7 1 1
W 11 1 3
W 9 2 8
J 7 1 4
J 13 4 5
W 3 2 2
W 1 1 8
W 5 4 3
W 12 5 3
W 9 1 1
J 11 4 7
J 5 2 6
W 8 1 5
W 14 2 1
W 8 4 7
J 7 5 4
W 7 3 8
W 9 1 1
J 1 4 1
W 3 5 6
W 5 2 7
W 1 1 6
W 2 1 1
W 1 3 7
W 4 3 7
W 4 1 8
W 1 3 5
J 13 4 7
J 5 3 2
W 12 5 5
W 1 1 3
W 10 2 1
W 11 1 7
W 8 2 6
J 1 5 4
W 3 1 1
W 5 3 4
W 13 1 7
W 7 1 7
J 8 4 1
W 3 1 3
W 3 4 5
W 1 4 9
W 11 4 3
W 3 5 1
J 7 5 7
W 13 2 4
W 13 3 4
W 8 4 3
W 3 2 5
W 2 4 8
P 99 2 6
P 66 3 6
P 21 2 9
P 127 2 8
P 35 3 8
L 37 1 6
T 137 1 7
L 33 2 6
P 83 1 6
P 83 5 8
T 107 3 7
P 74 2 6
P 11 1 8
P 131 3 6
P 72 1 6
P 139 1 8
P 56 1 6
P 5 1 7
T 55 1 6
T 59 1 6
G 119 1 9
P 74 5 8
P 19 2 9
P 43 5 6
P 60 1 6
P 38 1 6
P 30 1 7
T 60 3 6
P 31 2 6
P 46 1 7
L 67 5 6
P 103 1 6
L 40 1 7
L 5 1 9
T 103 1 6
P 99 2 6
P 23 4 6
G 109 3 6
P 53 2 6
P 125 1 8
1 1
13 5
35 2
29 5
19 2
16 35 5
W 7 2 6
W 9 1 1
W 4 1 7
W 7 2 4
J 5 2 1
W 3 5 1
J 10 1 4
W 9 5 7
W 1 1 4
W 5 1 4
W 5 2 4
W 5 1 7
J 1 1 8
W 3 4 1
W 9 3 1
W 3 1 1
L 75 3 7
G 28 5 6
P 25 3 6
P 62 3 6
P 6 2 6
T 101 1 6
P 17 1 6
P 16 2 8
L 59 1 6
G 80 1 8
T 80 3 8
P 7 3 7
P 35 3 6
P 57 4 8
G 21 4 8
P 89 1 6
P 95 5 8
T 61 2 6
P 91 2 6
P 35 1 6
P 82 3 6
P 10 2 6
P 65 3 8
T 32 2 6
G 64 1 8
L 99 5 8
P 7 3 8
P 17 1 8
G 72 4 9
P 35 1 6
P 93 1 6
P 77 1 7
T 93 5 6
P 35 1 9
T 54 2 8
59 7
35 5
32 8
96 3
51 1
97 36 1
W 1 3 1
W 1 1 1
W 1 2 8
W 1 3 3
W 4 1 7
W 1 5 1
W 4 1 6
W 4 1 7
J 4 2 4
W 2 5 3
J 1 2 9
J 1 2 1
W 4 2 3
J 2 3 9
W 3 3 5
J 3 1 2
W 1 1 8
W 2 1 1
J 1 4 2
W 3 3 1
W 3 5 1
W 3 1 7
W 4 4 4
W 2 1 7
W 1 1 5
W 1 3 7
W 3 5 6
W 1 2 4
W 1 3 7
W 1 5 3
W 3 5 5
W 1 5 7
W 3 3 2
W 1 1 8
W 4 4 2
W 1 2 7
W 1 1 2
J 3 1 1
W 1 1 9
W 2 5 7
W 1 1 4
W 4 5 9
W 2 2 4
W 4 3 9
W 2 3 1
W 1 1 7
W 1 1 1
J 1 3 1
J 1 1 7
W 1 3 1
W 3 5 1
W 4 1 7
W 3 1 1
W 3 1 7
W 1 5 8
W 1 5 1
J 2 1 1
W 3 4 4
J 2 1 4
J 4 5 4
W 1 2 4
W 1 2 7
W 1 1 8
W 1 1 1
J 1 4 4
W 4 2 4
W 3 2 7
W 3 3 6
W 1 5 1
J 1 2 6
W 1 1 3
W 3 1 1
W 4 2 1
W 1 3 5
W 2 5 4
W 4 5 1
J 1 1 8
W 1 2 3
W 2 4 6
W 1 2 3
W 1 3 6
W 1 1 4
J 4 1 8
W 3 1 3
W 3 1 6
W 2 1 4
J 1 1 4
W 1 5 5
W 1 5 7
W 1 1 1
W 2 3 2
W 4 4 1
W 3 5 7
W 1 1 8
W 3 2 7
J 3 2 8
W 3 3 8
P 20 1 6
P 47 4 6
P 15 5 6
G 42 4 6
P 11 1 8
L 8 1 8
P 39 1 9
P 13 1 6
T 8 1 6
P 37 2 9
P 7 5 6
P 18 2 6
L 12 2 6
P 18 1 6
T 48 3 6
P 22 1 6
P 1 5 6
G 22 1 6
T 25 4 6
P 19 5 8
P 33 1 8
T 27 1 6
P 17 1 6
P 4 1 8
P 42 1 8
T 40 5 6
P 23 4 9
G 32 2 8
P 41 1 7
P 48 4 9
T 22 3 6
P 19 2 6
T 38 4 7
P 6 2 6
P 43 3 9
G 13 4 6
37 3
93 51 5
W 2 5 7
W 2 5 4
W 1 3 8
J 1 5 7
J 1 3 3
W 1 5 2
J 2 2 8
J 1 2 8
J 1 2 4
W 1 1 5
W 1 4 5
J 1 4 7
W 2 3 8
W 1 3 7
W 1 5 4
W 2 2 5
W 1 1 4
W 1 2 1
W 2 2 4
W 1 3 5
W 1 2 3
W 1 1 8
W 1 2 5
W 2 4 2
J 1 3 5
W 2 3 3
W 1 3 3
W 1 1 4
W 1 1 1
W 1 1 1
W 1 1 5
W 1 1 1
W 2 4 8
W 1 1 1
J 1 4 2
J 1 4 3
J 1 1 3
W 1 1 7
W 2 2 1
W 1 3 1
W 2 5 1
W 1 5 2
J 1 3 5
W 1 4 1
W 1 1 9
W 1 1 8
J 2 2 7
J 1 1 4
W 1 1 9
W 1 3 6
W 2 4 7
W 1 4 5
W 1 3 4
W 1 1 5
W 1 1 4
J 1 4 9
W 2 3 7
W 1 4 3
W 1 5 3
J 1 5 8
W 1 1 4
W 1 1 7
W 1 5 7
W 1 5 1
W 1 1 8
J 1 3 3
J 1 2 9
J 1 2 4
W 1 2 3
W 1 5 1
W 1 1 1
W 2 2 2
J 1 5 1
J 1 3 3
J 2 1 5
W 1 2 4
W 1 1 1
W 1 2 1
J 1 5 3
W 1 3 1
J 1 1 4
J 1 2 4
J 1 5 1
W 1 1 7
W 1 3 2
J 2 3 1
W 2 4 2
W 1 2 1
J 1 1 7
W 1 3 7
W 1 2 7
J 1 1 1
W 2 1 4
T 8 1 6
L 7 2 7
P 13 3 9
T 4 1 6
P 16 3 6
T 13 4 6
P 3 1 8
P 5 2 8
P 14 5 7
P 11 3 6
T 13 1 7
P 10 2 8
P 17 1 8
P 1 2 6
L 10 1 6
L 8 2 6
T 15 1 6
P 7 1 8
P 15 1 8
L 1 3 8
G 6 3 6
T 16 1 7
G 7 2 8
P 19 5 9
T 11 1 6
G 12 1 6
P 7 1 6
P 8 2 6
L 13 5 9
P 8 1 6
P 13 5 6
T 16 1 6
P 7 2 6
T 7 1 9
P 9 5 9
T 16 2 9
P 1 3 6
P 13 1 9
T 1 4 6
L 17 1 6
P 1 3 6
P 19 1 9
P 13 3 6
L 10 1 6
L 1 5 8
T 19 1 6
P 1 1 6
G 1 2 6
L 17 1 8
T 21 1 8
G 1 1 8
19 6
15 9
1 5
7 5
17 3
48 9 10
W 3 1 7
J 9 2 2
J 1 5 9
J 6 5 3
W 3 1 1
W 1 2 1
J 5 2 3
W 9 1 4
W 6 1 8
J 1 1 6
W 3 1 3
W 1 1 2
W 7 1 9
W 7 3 6
W 7 1 1
W 7 1 8
W 10 3 3
W 1 1 7
J 6 3 6
W 3 2 1
W 7 1 7
W 8 4 2
W 9 5 1
J 3 5 1
J 1 4 9
W 1 2 7
J 3 5 1
J 7 4 7
J 3 1 8
W 3 1 6
J 4 5 9
W 9 2 7
W 6 1 1
W 3 2 7
W 5 2 1
W 5 3 3
J 9 4 1
J 1 3 2
W 7 1 1
W 5 4 6
W 3 5 1
W 5 5 7
W 3 1 7
W 1 1 1
W 1 3 6
W 5 1 1
J 6 1 7
W 1 3 9
L 58 1 7
P 90 1 6
P 91 2 8
T 29 3 6
T 98 3 8
L 98 3 7
T 75 4 8
G 93 3 6
T 63 3 6
39 8
71 1
31 1
86 9
96 7
76 7
2 6
22 4
34 2
41 1
66 43 9
W 10 1 1
W 3 2 1
W 3 4 1
W 9 1 7
W 9 1 1
J 5 4 1
J 1 1 8
W 1 5 1
W 3 4 7
W 1 1 5
J 1 1 1
J 4 4 7
W 1 3 1
J 6 5 3
W 7 3 7
W 9 5 4
W 1 1 4
W 1 4 5
W 1 4 7
W 1 1 9
W 5 1 8
W 1 1 3
J 9 1 4
J 3 1 5
J 5 5 4
W 7 2 1
W 9 3 7
J 7 1 1
W 1 1 4
W 5 5 7
W 2 5 4
J 10 4 1
W 6 4 4
J 5 2 8
W 5 5 7
W 9 2 4
W 1 5 5
W 4 5 1
W 5 5 7
J 5 5 3
W 6 2 7
W 6 3 9
J 2 5 6
W 6 1 4
J 5 5 6
W 3 5 8
W 1 1 7
W 6 1 4
W 5 1 7
W 10 1 8
W 1 4 7
W 6 2 3
J 7 2 2
W 5 5 7
W 3 3 7
W 7 2 1
J 5 1 1
J 6 2 1
W 5 3 4
W 3 1 1
W 5 5 2
W 9 1 2
W 7 2 7
W 1 5 4
W 1 1 9
J 7 2 4
P 6 4 6
T 13 2 6
G 3 1 6
P 74 1 6
T 3 5 9
P 64 1 6
P 38 1 8
P 77 3 6
P 56 5 9
P 86 2 6
P 36 1 8
P 106 5 6
T 98 4 6
L 15 3 6
T 86 3 8
T 44 1 6
P 70 5 9
P 29 2 7
G 80 4 8
P 49 1 7
T 86 1 6
T 31 1 7
G 84 2 7
T 108 1 6
T 16 1 8
P 79 1 6
T 35 1 6
T 34 4 9
T 77 3 8
P 92 4 6
T 64 3 7
P 7 3 8
G 22 2 6
P 98 3 6
P 35 1 7
G 77 4 6
P 103 4 6
P 94 1 8
P 39 1 6
T 68 1 8
P 70 1 6
P 96 4 6
P 90 3 8
68 5
38 1
92 1
62 7
99 4
44 4
58 2
72 6
95 1
95 51 10
W 5 5 4
W 7 1 1
W 7 5 9
J 12 3 1
W 6 5 1
J 6 5 1
J 1 1 7
W 4 5 1
W 1 1 5
J 9 1 3
J 6 2 4
J 10 1 7
W 7 1 4
J 6 1 4
W 5 2 1
W 1 1 2
W 10 4 1
J 13 5 7
J 6 3 1
J 7 4 9
W 9 1 5
W 11 1 1
W 8 4 1
J 1 1 4
J 10 4 1
W 1 4 8
W 8 3 1
W 2 2 6
W 1 5 1
W 4 1 9
W 6 1 1
W 9 1 1
W 5 3 1
W 10 4 6
J 11 3 8
W 6 1 9
W 1 1 4
J 4 5 7
W 11 2 1
W 1 1 7
J 6 4 2
W 4 1 1
W 11 1 5
J 1 1 1
W 13 4 7
W 1 2 1
W 1 1 7
J 15 3 9
W 13 1 7
W 13 3 4
W 10 3 4
W 1 4 4
W 10 3 1
W 1 2 8
W 14 1 3
W 13 4 1
J 10 4 5
W 12 4 9
W 11 4 1
W 13 1 4
J 1 3 1
W 13 2 4
W 7 3 6
W 15 1 7
J 9 5 6
J 7 1 7
W 11 1 4
J 1 1 4
J 4 3 3
W 6 1 1
W 1 5 1
W 4 1 7
J 7 3 3
J 13 3 7
W 8 1 5
J 9 4 7
J 14 1 3
W 10 5 2
W 1 5 1
J 12 4 1
W 7 2 8
J 5 3 3
J 14 1 1
W 11 4 1
W 13 2 7
W 4 4 7
W 6 5 1
W 1 1 7
W 1 3 2
W 4 4 6
W 11 3 8
W 13 3 1
W 8 1 9
W 6 4 5
W 11 1 7
P 43 1 7
P 28 1 9
P 106 4 7
T 1 1 6
T 103 1 6
P 12 4 8
T 60 4 6
P 15 5 8
P 148 1 8
T 25 2 9
G 90 5 8
T 100 1 6
L 120 1 8
P 90 3 8
P 64 2 7
P 83 1 6
P 33 2 7
T 142 4 9
T 30 4 6
P 138 1 8
T 21 3 6
L 124 1 9
P 30 2 6
L 99 2 9
G 34 5 8
T 65 5 7
L 5 1 6
T 62 4 7
P 110 4 6
T 118 5 6
L 2 2 9
L 131 1 8
G 78 1 8
T 155 2 9
G 39 5 6
P 31 1 8
P 96 5 7
L 1 4 8
P 34 1 6
G 92 4 8
L 34 3 6
T 139 3 6
T 100 3 8
P 79 1 7
T 87 3 6
P 95 1 6
G 139 3 6
P 31 1 6
P 72 4 8
T 13 3 9
T 92 1 9
142 6
2 4
60 6
89 8
153 5
29 8
31 4
6 1
25 6
140 2
89 9 3
W 5 5 5
W 9 1 7
W 10 2 3
W 12 3 1
J 10 5 1
J 5 5 4
J 11 3 4
W 9 1 7
W 4 1 1
W 13 3 5
J 1 1 2
W 7 1 8
W 10 3 5
W 5 2 8
W 12 5 7
W 9 5 7
W 8 1 6
W 10 5 1
W 10 1 4
W 3 1 1
W 10 3 9
J 1 5 5
W 5 5 4
J 7 3 3
W 8 3 1
W 1 4 4
W 13 5 8
W 13 1 3
W 3 3 6
W 1 1 1
W 5 3 9
W 2 1 4
W 1 1 3
J 13 3 9
W 2 1 1
W 12 1 7
W 2 1 5
W 1 1 7
W 10 1 3
W 3 1 9
W 6 2 4
W 13 5 4
W 10 3 8
W 10 4 1
W 6 3 6
W 9 2 5
W 1 1 7
W 10 1 7
W 1 5 9
W 11 2 1
W 2 1 1
W 6 2 6
W 10 1 9
W 2 4 9
J 4 5 3
W 3 1 1
W 11 2 4
W 1 3 1
J 4 1 4
W 4 1 1
W 7 2 1
J 10 1 4
J 8 2 8
W 5 2 4
J 13 1 7
J 12 5 4
W 8 3 1
W 3 1 1
W 5 2 7
W 1 2 8
W 10 1 4
J 13 1 1
W 6 3 4
W 9 5 1
J 5 2 9
W 2 4 3
J 11 4 1
W 12 3 1
W 10 5 1
W 6 2 7
W 2 3 1
W 13 1 1
W 5 2 8
W 1 3 1
W 1 5 7
W 4 2 1
J 1 2 7
W 1 1 6
J 6 2 6
G 74 1 8
T 39 1 8
T 114 1 9
P 42 1 6
L 34 1 6
T 61 1 6
T 63 1 6
L 4 1 6
P 114 1 6
119 7
61 4
104 1
61 5 9
W 20 4 7
W 5 3 9
W 9 4 8
W 14 5 7
W 17 1 5
W 1 4 1
W 1 5 8
W 1 2 7
W 17 3 7
W 19 1 8
W 1 3 7
J 6 2 7
W 13 3 1
W 17 3 7
W 18 1 2
W 17 2 6
W 1 5 9
J 1 1 1
W 8 3 9
J 5 1 7
W 4 1 4
J 16 5 7
J 9 2 9
W 9 2 5
W 19 5 7
J 4 1 6
J 17 2 4
J 11 4 1
W 1 1 7
W 16 1 1
J 5 1 7
W 15 1 8
J 1 3 1
J 1 4 6
J 11 3 4
W 6 5 4
W 13 1 5
W 18 1 1
J 19 2 7
J 9 3 8
W 1 2 4
W 11 1 5
W 1 4 7
W 19 3 5
W 19 1 6
W 9 2 7
W 11 1 9
W 2 1 6
W 14 1 5
W 1 2 8
W 16 5 1
W 15 1 1
W 5 1 6
W 5 3 5
J 1 2 9
W 16 5 4
W 17 4 1
J 3 2 1
J 17 3 1
W 7 1 5
W 12 4 6
T 81 1 8
P 100 5 6
G 52 1 6
P 118 4 6
T 91 5 8
11 7
58 5
177 3
178 6
17 8
12 5
146 5
190 9
123 1
89 39 3
W 8 1 1
J 13 4 7
W 7 4 1
W 11 5 1
W 3 2 6
W 1 5 5
W 5 1 4
W 1 3 1
W 5 4 4
J 1 2 3
W 16 5 3
W 9 1 2
W 11 1 1
W 18 2 1
W 9 3 7
W 1 3 1
W 18 2 1
W 11 3 4
J 19 5 1
W 11 3 9
W 11 5 2
W 17 1 5
W 13 1 7
J 14 4 5
W 16 1 9
W 19 5 6
W 6 1 3
J 9 1 9
W 1 2 1
J 18 4 6
J 4 3 6
W 10 4 8
W 1 4 2
W 18 2 4
J 19 1 4
W 1 1 2
W 13 1 4
J 13 3 3
W 3 2 3
W 9 1 4
W 9 1 1
W 1 5 5
W 5 1 7
W 13 1 1
W 5 5 1
W 18 3 6
W 1 2 3
W 20 1 4
W 16 3 1
W 1 4 1
W 9 4 7
W 13 1 6
W 7 5 6
W 17 5 3
W 18 3 4
J 5 5 7
J 9 1 7
W 20 2 7
W 1 1 8
J 15 3 1
W 17 3 2
J 18 4 4
W 5 3 3
W 1 3 1
J 1 1 1
W 1 1 1
J 19 2 9
J 7 5 1
W 5 4 7
W 9 1 4
W 13 4 7
W 9 2 3
J 17 4 2
J 1 1 1
W 12 3 5
W 17 1 1
J 11 1 8
W 11 3 7
J 9 1 4
W 1 2 4
W 7 4 4
W 12 4 3
W 15 5 3
W 12 5 6
W 15 5 1
W 8 5 1
W 11 2 8
J 17 3 1
W 15 3 6
P 162 1 6
P 180 5 6
P 29 3 8
L 90 1 6
P 61 1 6
L 143 1 9
G 92 3 6
P 18 3 6
P 27 2 6
P 76 1 7
T 48 3 6
P 40 3 6
L 36 3 6
T 156 4 6
P 161 1 6
T 21 2 9
P 66 5 7
P 68 1 7
P 16 2 6
P 195 4 6
P 18 5 8
P 79 5 6
L 173 1 6
L 138 5 8
T 201 1 6
G 116 1 8
P 156 1 9
T 135 5 8
P 201 2 9
L 61 1 6
G 54 2 6
P 11 1 8
P 149 2 9
T 176 2 6
P 183 3 9
T 191 2 6
P 157 5 9
P 86 4 6
P 4 3 6
21 5
93 4
31 5
63 12 3
W 2 2 1
W 13 3 1
W 17 3 4
W 1 1 7
W 19 3 7
W 3 3 4
W 19 3 9
W 7 2 2
J 15 1 1
W 13 1 2
W 11 1 1
W 17 1 6
W 13 3 3
W 2 5 7
J 13 1 1
J 4 1 1
J 21 1 6
W 1 1 5
W 19 1 2
W 21 1 5
W 19 5 4
W 22 1 1
W 13 4 1
W 17 4 6
J 15 3 4
W 7 2 7
W 8 4 5
J 15 5 1
W 3 1 4
J 15 4 4
W 1 1 1
J 15 3 5
W 5 1 9
W 12 1 1
W 15 3 7
W 8 1 1
J 13 4 7
W 22 1 1
J 12 1 9
W 10 1 1
W 9 3 1
J 4 1 3
W 1 2 3
W 7 1 1
W 20 3 4
W 3 1 1
W 15 1 7
J 11 3 4
J 15 2 4
W 6 1 3
W 13 1 4
W 21 1 4
J 1 1 8
W 14 2 1
W 8 2 6
W 1 1 1
W 3 4 4
W 9 4 8
W 1 2 5
W 16 1 4
W 1 1 9
W 12 1 1
W 17 5 3
L 17 1 8
G 133 4 9
P 1 1 6
P 225 4 6
P 137 1 8
P 139 4 8
P 189 3 8
L 105 3 6
P 87 1 6
L 197 1 8
P 70 4 8
L 224 5 9
43 2
187 8
27 5
61 45 3
W 7 5 3
J 4 1 4
W 1 3 3
W 11 1 1
W 4 2 2
J 1 1 4
J 1 5 1
J 4 2 6
W 4 1 3
J 4 5 8
J 5 2 4
W 1 1 2
J 4 1 7
W 4 5 4
W 3 4 5
W 4 5 8
J 6 1 9
W 7 4 4
W 4 4 5
W 1 1 2
J 15 1 4
W 1 1 2
W 11 2 9
J 7 1 2
W 3 2 3
J 9 5 1
W 10 2 8
W 13 5 8
W 6 1 4
J 14 1 1
W 3 4 8
W 1 1 4
W 10 5 1
W 14 1 9
J 8 5 1
W 1 1 1
W 4 1 1
J 6 1 4
W 10 1 8
J 11 3 1
W 7 2 4
W 7 2 7
J 1 1 7
W 4 1 7
W 2 1 6
W 3 1 1
J 13 3 3
W 12 1 3
W 13 5 4
J 6 5 8
W 13 4 4
W 4 4 4
W 5 4 9
W 6 4 1
W 6 3 1
J 4 2 1
W 2 1 2
J 11 1 7
W 15 5 4
J 8 3 2
J 1 3 7
P 140 5 6
P 24 1 8
T 114 1 8
L 16 2 6
P 110 1 9
G 17 5 6
G 47 1 8
P 104 5 6
T 26 3 8
G 44 3 8
G 45 1 9
P 1 1 7
P 16 1 6
P 136 2 9
T 5 4 7
G 25 1 6
G 142 5 7
T 80 1 8
P 41 1 6
L 134 2 6
G 121 1 6
L 141 2 6
T 50 1 8
T 1 4 6
P 121 3 8
T 38 4 7
G 83 3 8
L 71 1 6
P 132 5 7
G 144 3 7
L 15 1 7
P 103 1 8
P 26 3 6
G 71 4 6
T 29 2 6
G 116 1 9
P 66 1 9
P 75 1 9
L 96 2 7
G 1 4 7
T 16 1 6
L 8 1 7
G 138 3 6
P 68 1 8
P 127 2 9
139 5
38 8
66 1
72 5 7
W 1 3 2
W 1 1 2
W 2 1 2
J 1 1 4
W 5 2 1
J 1 1 4
W 1 3 2
W 1 4 3
W 3 1 1
W 4 4 4
W 5 3 1
W 1 1 1
W 1 1 5
W 1 3 2
J 3 1 5
J 2 5 4
W 4 2 4
J 1 1 9
J 2 1 3
W 5 1 6
W 2 1 9
W 1 1 6
W 3 4 8
W 1 4 3
W 1 5 1
W 3 5 7
W 4 1 4
W 1 2 5
W 5 4 6
W 6 5 7
J 4 3 4
J 4 5 1
W 3 1 9
W 5 5 5
W 3 4 4
W 4 3 4
W 1 5 4
J 1 5 1
W 5 2 9
J 3 1 1
W 5 1 7
J 4 2 4
W 1 3 8
J 3 3 5
J 6 5 2
W 5 5 8
W 5 1 4
W 6 4 9
W 1 4 2
J 6 1 5
J 3 3 6
W 5 1 1
J 2 2 4
W 1 2 7
J 4 2 4
W 3 3 1
W 4 1 1
W 1 3 8
W 1 4 4
W 1 2 5
W 4 4 9
W 2 3 5
W 4 3 7
W 3 1 6
W 4 1 6
W 1 1 7
W 1 5 9
W 5 2 7
W 5 2 5
W 1 1 1
J 4 4 8
J 3 1 3
T 18 1 6
L 33 1 6
L 21 1 9
T 55 5 6
P 1 5 7
53 1
55 1
14 1
19 8
46 8
56 7
41 4
61 41 9
W 10 5 1
W 17 2 1
W 15 4 7
W 13 4 7
J 16 5 9
J 24 5 7
J 8 2 1
W 17 4 1
J 13 5 2
W 13 1 5
W 5 1 5
J 19 2 7
W 2 3 3
W 20 5 1
W 3 1 1
W 17 3 1
W 11 1 4
W 11 3 2
W 18 5 2
W 19 3 8
J 8 5 8
J 3 1 7
J 16 1 3
W 4 4 7
W 1 5 7
J 15 3 4
W 12 4 9
J 22 1 6
W 1 4 1
W 4 2 9
W 1 1 2
W 21 2 5
J 16 4 2
W 20 3 1
J 18 3 2
W 11 5 7
W 7 3 4
W 19 4 1
W 18 1 2
W 16 1 9
W 6 5 5
W 22 3 4
W 15 5 3
W 6 2 8
W 22 3 5
W 11 1 7
W 6 5 3
J 1 1 7
J 21 1 7
W 19 1 7
W 23 5 6
W 1 4 7
W 4 1 4
W 10 3 7
W 9 1 1
W 1 1 5
W 4 5 5
J 7 4 7
W 4 1 2
W 18 4 9
W 12 1 9
P 1 3 9
P 108 1 6
L 53 1 9
T 229 1 9
P 199 5 6
G 125 5 8
L 5 5 9
T 89 1 9
P 117 1 6
T 104 3 9
P 256 2 6
T 217 1 9
P 55 4 6
G 257 1 6
T 11 3 6
T 131 1 8
G 241 1 6
P 101 2 7
T 171 1 6
P 151 4 7
T 205 3 8
P 25 2 6
T 227 1 6
P 163 5 6
P 67 4 7
P 46 1 6
G 94 5 9
G 121 1 8
G 114 4 8
P 133 5 7
P 253 4 7
P 85 3 8
T 165 1 9
T 153 3 6
P 212 5 6
G 109 2 6
P 61 3 6
P 91 4 6
L 178 2 9
G 31 1 6
T 143 2 6
239 7
193 3
112 5
115 1
85 7
190 7
112 4
135 6
253 8
23 17 5
W 2 3 5
W 11 3 6
W 12 5 9
W 10 1 7
W 1 3 5
W 8 1 4
W 12 1 1
W 1 1 1
W 13 4 5
W 1 4 8
W 10 1 1
W 12 1 1
W 1 1 1
J 16 1 2
W 17 5 1
J 2 1 8
W 12 1 2
J 1 5 6
W 8 1 4
W 15 1 6
W 10 5 1
W 4 3 3
W 16 2 1
P 160 3 6
P 81 4 6
T 69 4 6
P 111 1 8
T 27 5 6
P 81 4 6
T 172 1 8
P 33 5 8
P 9 1 6
T 153 2 8
G 34 2 6
P 1 5 9
P 11 1 9
P 115 2 8
T 155 4 6
P 123 1 6
P 73 2 9
61 5
161 1
81 7
85 2
58 3
31 41 7
J 15 1 4
J 3 1 1
W 16 4 8
W 14 1 2
W 7 5 4
W 2 5 7
W 1 1 8
J 16 2 6
W 1 1 4
W 7 3 4
J 9 4 7
W 7 1 4
W 10 1 7
W 7 5 5
W 17 2 4
J 1 5 7
W 11 1 1
W 15 3 5
W 15 1 7
W 15 5 7
J 17 3 7
W 10 2 3
J 11 1 1
J 13 4 1
W 13 3 8
J 10 5 1
W 4 4 5
W 16 3 7
J 1 5 1
W 1 4 1
J 7 4 1
P 133 2 9
G 37 4 6
G 52 1 6
P 15 5 6
T 126 3 7
L 158 1 6
P 130 5 8
P 25 4 6
P 166 3 6
P 125 1 9
P 1 5 7
P 77 3 9
L 55 5 6
T 154 5 9
P 151 1 6
T 172 5 8
T 65 3 6
L 32 1 8
L 107 2 6
P 171 3 7
T 48 2 7
T 7 2 6
P 146 1 6
G 67 1 9
P 64 5 6
P 81 3 8
P 96 1 9
L 157 4 6
T 134 5 6
P 3 2 6
P 138 1 7
P 161 1 6
P 150 1 8
P 21 2 9
P 105 1 6
P 17 1 6
L 76 1 9
T 8 3 8
P 76 1 6
P 120 1 6
L 126 1 6
122 7
70 1
72 8
22 6
19 7
109 4
113 4
25 9 3
J 11 5 1
W 16 5 2
W 15 2 4
W 10 1 1
W 15 2 8
W 11 5 9
W 5 2 3
J 9 3 6
J 15 5 1
W 7 4 1
W 15 4 1
W 15 5 8
W 17 3 2
J 9 4 1
J 5 3 8
W 1 4 4
W 13 2 1
W 2 1 7
W 1 5 8
W 12 2 9
W 7 2 9
W 13 3 1
J 15 3 3
W 5 1 4
W 1 3 2
P 129 1 6
P 25 1 6
T 57 4 8
T 13 4 6
T 51 3 6
T 132 1 8
T 32 5 6
G 108 1 6
L 77 1 9
112 4
73 4
45 4
57 10 5
W 1 5 5
W 1 1 2
W 3 3 9
W 3 4 9
J 1 1 1
W 5 2 9
W 1 2 1
J 1 3 8
W 5 1 3
J 3 1 2
W 2 1 4
W 5 1 1
W 1 5 1
J 1 1 8
W 1 4 8
W 1 2 1
J 4 2 9
W 1 2 4
W 3 1 4
W 2 4 1
W 4 3 2
W 1 2 4
W 1 3 7
J 3 3 1
J 3 5 6
J 1 5 7
W 1 1 1
W 2 1 7
W 4 1 4
W 1 2 8
W 1 3 8
W 1 4 2
J 1 1 4
W 3 4 1
J 1 1 4
W 1 1 6
W 3 2 6
J 3 1 4
W 5 4 1
W 3 5 5
W 1 5 4
W 5 2 3
J 3 1 7
W 4 2 2
W 1 3 6
W 4 3 5
W 1 4 3
W 1 5 8
W 5 1 8
W 3 1 5
W 3 3 8
W 4 4 9
W 1 3 1
J 5 4 7
J 1 2 8
W 4 2 7
W 6 3 8
P 1 1 6
P 4 1 6
P 49 1 9
G 19 1 6
P 4 1 8
P 5 5 6
P 4 2 6
P 15 1 6
P 22 2 6
P 51 4 6
28 7
54 1
56 7
55 1
12 1
78 30 2
W 1 1 7
W 1 3 4
W 1 2 5
W 1 1 6
W 1 1 1
W 1 2 4
W 1 3 7
J 1 3 5
W 1 5 3
W 1 3 1
W 1 2 6
W 1 2 4
W 1 2 8
J 1 2 8
W 1 4 9
W 1 4 8
J 1 5 4
J 1 1 1
J 1 1 3
W 1 4 4
W 1 5 5
J 1 1 1
J 1 4 9
W 1 4 7
J 1 5 9
W 1 4 4
W 1 5 1
W 1 3 4
W 1 1 6
J 1 3 1
W 1 2 4
W 1 1 8
J 1 1 7
W 1 5 4
J 1 1 4
W 1 4 7
J 1 2 2
W 1 4 6
W 1 2 1
W 1 2 1
W 1 1 8
W 1 3 5
J 1 2 8
W 1 4 4
J 1 4 3
W 1 2 4
J 1 1 1
J 1 2 9
W 1 2 2
J 1 1 7
J 1 3 7
J 1 4 3
W 1 5 6
J 1 1 4
W 1 5 1
W 1 2 8
J 1 1 7
W 1 3 1
J 1 3 1
W 1 1 8
J 1 3 4
W 1 1 1
W 1 5 6
J 1 1 6
W 1 4 3
W 1 1 7
W 1 3 1
J 1 4 1
W 1 1 8
W 1 1 7
W 1 4 4
J 1 2 2
W 1 5 1
W 1 3 7
W 1 4 2
W 1 3 5
W 1 5 1
J 1 1 9
P 8 1 6
T 1 1 9
G 7 1 8
P 13 1 9
P 8 5 6
T 4 1 6
T 1 1 6
G 2 1 6
P 11 1 6
T 2 3 9
G 12 3 6
P 4 5 6
P 1 2 8
P 3 3 6
P 1 4 6
L 2 3 6
P 4 1 8
P 2 4 6
L 12 4 6
T 2 1 6
P 10 4 9
T 3 1 9
P 13 5 9
P 8 1 8
P 5 1 6
L 9 2 8
P 9 1 6
G 4 3 6
P 6 1 6
T 10 2 6
1 3
6 1
13 13 3
W 1 1 7
J 12 1 8
W 16 2 1
W 5 2 7
W 4 1 7
W 5 1 7
W 8 5 1
W 1 5 2
J 1 5 4
J 1 5 6
W 3 4 6
W 9 1 7
W 2 1 1
T 60 5 8
P 46 1 9
P 92 5 6
L 102 4 6
P 113 3 8
P 5 5 9
T 103 1 6
P 27 3 6
L 43 2 6
T 59 1 8
P 79 3 7
T 80 4 6
P 158 1 6
22 6
10 1
97 6
75 30 7
W 7 5 6
W 2 3 4
W 1 4 1
W 1 5 9
W 8 5 4
W 8 2 2
W 11 4 7
J 13 5 7
J 11 5 1
W 5 2 2
W 13 4 3
W 11 4 1
J 13 1 1
W 4 3 1
W 6 1 3
W 5 3 2
J 4 4 5
W 11 1 2
W 9 1 4
W 12 1 2
W 12 1 6
W 1 1 8
W 11 3 1
W 10 3 9
W 13 2 9
W 11 3 4
W 12 5 5
J 10 1 1
W 8 4 8
J 4 1 1
J 4 5 1
W 2 4 7
W 9 2 1
W 9 4 1
W 5 2 1
W 13 4 9
W 1 2 1
J 11 3 5
J 11 1 1
W 2 3 9
W 10 5 7
J 4 1 8
W 11 2 2
W 6 3 1
J 4 4 7
W 6 1 2
W 7 1 1
W 9 1 4
J 10 3 1
W 4 2 1
W 4 1 8
W 7 2 6
W 12 4 2
J 1 5 3
W 9 4 1
W 2 4 8
W 12 4 3
W 12 5 1
W 3 1 1
W 7 3 1
W 10 1 7
W 1 5 7
J 6 4 6
W 6 5 3
W 1 3 2
J 11 3 5
W 3 1 6
W 2 2 6
J 6 1 5
W 6 3 1
W 1 4 7
W 8 1 1
W 6 1 5
J 8 4 1
W 4 4 1
G 10 2 6
P 45 3 6
P 36 2 6
L 35 2 6
P 139 1 9
L 3 5 6
P 5 4 6
L 15 5 6
T 113 2 7
T 21 4 6
P 38 5 6
G 35 3 6
P 112 4 6
T 9 3 6
P 81 4 8
P 56 5 6
P 68 2 7
P 133 5 6
P 9 5 7
P 95 1 6
G 124 4 6
P 137 4 7
T 119 3 8
T 107 1 9
P 92 3 6
T 60 2 9
L 19 4 6
P 137 5 9
P 112 4 9
P 96 2 6
23 2
116 6
8 7
107 1
129 9
126 8
116 4
81 23 6
J 5 1 3
W 6 1 3
W 7 1 6
W 5 2 2
W 6 5 4
W 2 3 2
W 9 2 3
W 2 1 1
W 1 2 8
J 8 5 3
W 6 3 4
W 3 3 3
J 1 1 3
W 2 2 7
W 6 3 7
W 3 3 1
J 8 2 9
W 5 2 4
J 6 5 4
W 4 4 3
J 5 5 3
W 1 1 4
W 1 4 4
J 1 3 1
W 9 4 3
J 5 1 2
W 1 1 1
J 7 1 8
W 6 4 1
W 1 1 9
W 9 4 4
W 3 1 1
J 6 1 5
W 1 5 6
W 7 4 6
W 7 5 1
W 9 3 5
W 1 1 4
W 2 3 5
J 2 5 2
W 9 1 1
J 7 1 8
W 7 2 4
J 10 4 4
W 5 1 1
W 1 3 1
W 3 3 3
W 1 4 3
W 10 1 6
W 1 1 6
W 7 1 2
W 10 2 8
W 6 2 4
W 3 2 5
W 1 5 8
W 9 2 2
W 3 1 5
W 1 5 1
W 1 1 9
W 9 5 4
W 10 1 5
W 7 2 1
J 5 2 4
W 1 3 1
W 5 5 9
J 5 3 4
W 6 5 4
W 3 5 4
J 4 1 1
W 1 1 9
J 4 1 1
W 10 5 3
W 1 1 7
W 9 4 7
J 9 4 4
J 1 4 1
W 1 5 1
W 9 4 1
W 7 1 2
W 7 3 1
W 1 1 8
P 61 4 6
P 56 1 6
P 13 3 6
P 33 5 6
P 25 3 7
P 30 1 6
L 35 1 7
T 18 2 6
P 95 4 7
P 87 5 8
P 29 3 9
P 56 1 8
P 81 2 8
T 33 4 7
P 41 1 8
T 91 1 8
G 25 3 8
L 51 5 7
T 12 5 8
T 89 4 6
P 23 3 9
T 41 1 6
T 59 2 6
79 7
67 4
10 4
81 4
33 7
42 1
77 31 5
W 7 2 1
W 6 1 7
W 6 1 1
J 3 1 4
W 9 1 9
W 4 2 2
W 1 5 8
W 3 5 7
J 6 1 2
W 5 2 1
J 8 1 4
W 4 5 2
J 2 1 3
W 3 2 1
W 8 1 7
W 1 1 1
W 3 4 1
W 3 4 5
W 8 4 2
W 9 3 7
W 1 5 7
W 6 4 5
W 4 1 1
W 4 2 4
J 6 5 1
W 1 3 1
J 4 4 7
W 1 3 1
J 6 4 1
J 7 2 5
W 6 3 3
W 5 1 1
W 5 2 5
W 3 3 1
W 1 1 1
W 3 2 1
W 7 1 2
W 9 1 6
J 9 5 1
W 6 5 7
W 1 1 8
W 4 1 1
W 4 5 7
W 7 1 5
W 3 3 1
W 4 1 1
J 1 1 8
W 3 1 7
J 5 3 1
W 6 5 7
J 5 3 7
W 1 4 5
W 7 5 2
W 1 1 1
W 2 3 5
W 4 2 1
W 4 5 1
W 3 1 1
W 5 1 1
W 4 5 4
W 8 4 6
W 7 1 7
W 1 1 1
W 1 5 1
W 7 5 1
W 4 5 1
W 7 2 1
W 2 3 6
J 4 3 2
W 2 1 2
J 9 1 5
W 2 1 8
W 1 5 8
W 2 1 8
J 7 1 8
W 1 1 5
J 1 1 1
T 1 3 9
L 7 1 9
G 1 4 8
P 7 1 6
T 1 3 7
P 1 1 6
P 1 5 6
P 7 1 6
L 1 4 9
G 4 4 8
G 1 5 9
P 1 1 8
G 1 3 9
T 4 1 7
L 1 1 7
L 4 1 9
P 3 2 6
T 1 4 9
L 7 2 8
P 1 1 6
P 5 5 6
T 8 4 9
L 7 3 8
G 8 1 6
G 2 1 6
P 1 5 6
T 1 3 8
P 5 1 6
P 4 4 6
P 2 2 6
P 2 3 7
1 1
2 5
1 6
7 7
6 7
55 5 6
W 1 1 1
W 1 1 7
W 1 5 8
W 1 3 4
J 3 1 7
W 3 1 4
W 2 3 4
W 4 5 2
W 2 1 1
W 1 1 8
W 1 1 1
W 4 1 1
J 4 1 1
J 1 2 2
W 1 3 9
W 1 2 5
W 3 1 1
W 1 1 7
W 4 1 1
W 1 1 5
W 3 1 2
W 3 1 4
W 1 2 8
W 4 1 2
W 3 1 7
J 1 1 7
W 4 5 4
W 1 1 5
W 4 4 1
W 1 5 8
J 1 2 5
J 1 1 1
W 3 1 1
W 3 5 2
W 1 5 4
W 3 3 1
J 1 2 7
W 3 5 1
W 3 3 9
W 4 1 7
W 1 4 1
W 1 2 1
W 1 4 9
J 1 3 6
W 3 1 8
W 3 2 4
W 1 2 2
W 1 4 2
W 1 4 4
W 2 5 1
J 4 5 2
W 4 5 5
W 3 2 7
J 1 1 9
W 4 5 8
T 25 5 7
L 26 3 6
P 10 2 6
P 41 2 6
T 18 1 8
6 2
11 1
42 9
13 6
19 5
22 2
87 53 3
J 1 2 5
W 1 4 4
W 1 1 8
W 1 4 4
W 1 4 8
W 1 5 1
W 1 4 8
W 1 5 3
W 1 1 9
W 1 2 5
W 1 1 9
W 1 5 1
J 1 1 9
W 1 1 7
W 1 2 4
J 1 4 3
W 1 4 2
W 1 5 1
W 1 1 6
J 1 1 1
W 1 1 3
J 1 3 4
W 1 5 9
W 1 2 7
W 1 1 5
W 1 5 7
J 1 3 7
W 1 2 2
W 1 5 3
W 1 5 2
W 1 1 4
J 1 2 7
W 1 1 8
W 1 2 4
J 1 1 5
W 1 2 1
W 1 1 1
J 1 4 6
W 1 2 1
W 1 1 1
W 1 5 1
J 1 1 4
W 1 1 7
W 1 1 9
W 1 5 1
W 1 4 1
J 1 4 9
W 1 2 1
W 1 5 1
W 1 4 4
W 1 1 1
W 1 4 2
W 1 4 5
W 1 1 4
W 1 2 6
W 1 4 7
W 1 5 8
W 1 1 5
W 1 5 1
W 1 5 4
W 1 1 1
W 1 1 5
W 1 5 5
W 1 2 9
W 1 1 5
J 1 4 2
J 1 5 7
W 1 1 1
W 1 4 3
W 1 1 1
W 1 1 1
W 1 2 9
J 1 1 2
W 1 3 5
W 1 1 9
W 1 5 1
W 1 3 7
W 1 1 8
W 1 2 6
W 1 3 7
J 1 3 5
J 1 1 5
J 1 1 6
W 1 2 1
W 1 1 7
W 1 2 4
W 1 2 4
P 1 5 6
T 1 1 6
P 1 1 9
P 1 5 6
G 1 1 6
T 1 5 6
L 1 3 9
L 1 1 6
P 1 3 9
P 1 5 8
L 1 1 9
P 1 3 8
G 1 1 6
P 1 2 6
G 1 2 8
T 1 2 8
P 1 4 6
P 1 2 6
L 1 1 7
T 1 3 7
L 1 2 9
L 1 1 9
L 1 4 8
L 1 3 8
T 1 2 6
P 1 1 7
P 1 1 6
P 1 4 6
P 1 5 6
P 1 5 9
T 1 5 9
P 1 5 6
P 1 1 6
T 1 1 8
G 1 4 6
P 1 2 9
L 1 2 8
P 1 4 9
L 1 2 6
T 1 2 8
T 1 2 8
P 1 4 8
T 1 3 9
P 1 1 8
T 1 1 9
P 1 1 6
L 1 4 6
P 1 1 6
P 1 4 6
P 1 1 6
P 1 1 6
T 1 1 9
T 1 1 6
1 5
1 2
1 4
7 22 5
W 1 1 5
W 1 4 1
W 1 1 2
J 1 1 7
W 1 1 5
W 1 5 6
W 1 4 4
P 1 5 6
T 1 1 6
P 1 1 8
G 1 4 6
T 1 3 6
P 1 1 8
P 1 3 7
P 1 5 7
G 1 1 7
T 1 4 6
T 1 1 8
P 1 5 8
T 1 3 6
L 1 5 8
P 1 1 8
P 1 1 6
T 1 1 6
P 1 5 6
T 1 1 6
P 1 4 7
P 1 4 6
P 1 1 9
1 7
1 1
1 4
1 1
1 7
22 5 10
W 3 1 6
W 1 1 6
J 3 2 8
W 3 5 3
W 4 5 4
W 1 2 6
W 1 3 1
W 1 5 3
W 4 1 8
W 5 1 1
W 3 5 1
W 3 3 8
W 1 4 3
W 4 3 7
W 1 1 8
W 1 2 7
W 5 3 1
W 1 2 1
W 1 1 4
J 5 1 7
W 1 1 7
W 5 2 7
P 44 5 6
P 57 3 9
P 67 1 6
T 1 1 6
P 38 3 6
35 1
61 5
64 2
27 4
44 5
50 4
10 9
7 4
20 3
8 6
49 37 9
W 2 3 7
W 2 1 1
J 1 2 1
W 1 5 3
J 1 2 7
W 1 1 4
W 1 1 3
W 2 3 1
J 1 1 1
W 1 5 4
W 2 5 7
J 1 2 3
W 1 1 2
W 1 2 5
W 1 4 5
W 2 5 7
W 1 1 4
W 1 5 1
W 1 3 5
J 1 1 4
W 2 2 8
W 2 2 1
W 1 1 7
W 1 3 1
W 1 2 4
W 1 3 1
J 2 2 4
W 1 3 7
W 1 4 3
W 1 4 9
J 1 4 6
W 1 3 1
J 2 3 1
W 1 1 2
W 1 4 1
W 1 4 1
J 1 3 5
W 2 1 4
W 1 3 6
W 2 5 1
W 1 2 1
W 1 4 5
W 1 5 1
J 1 1 4
W 1 5 7
W 2 3 5
W 2 1 3
W 1 3 5
W 1 5 7
P 2 5 9
T 1 4 9
L 1 5 6
P 1 5 6
P 1 3 8
P 1 2 6
P 1 5 6
T 1 2 7
L 1 3 6
P 1 4 6
P 1 2 7
P 2 5 7
P 1 2 8
T 1 1 6
T 2 1 8
L 1 4 7
P 1 4 6
P 1 4 8
P 1 3 8
L 1 4 8
G 1 4 7
P 2 3 6
P 2 1 6
P 1 2 9
P 1 5 9
P 1 1 6
P 1 5 7
L 2 1 8
T 2 1 6
L 2 1 6
T 2 3 7
T 1 5 6
P 1 3 9
G 1 1 6
P 2 2 6
P 1 1 8
P 1 3 8
1 6
1 8
2 2
1 1
1 7
1 1
2 3
1 1
2 1
49 41 6
W 4 1 3
W 2 2 1
W 4 5 1
J 13 3 7
W 1 1 9
W 9 4 2
J 11 1 6
W 6 1 3
W 1 2 6
W 12 1 6
W 9 5 1
W 9 5 3
J 5 1 8
W 7 1 1
W 10 2 5
W 5 1 7
W 6 5 1
W 1 5 4
W 13 2 3
J 1 2 1
W 1 1 8
W 11 3 4
W 7 1 1
W 15 1 1
W 11 1 4
W 3 4 4
W 4 4 1
W 3 2 4
W 1 1 4
W 10 3 8
W 5 3 1
W 1 2 4
W 4 1 1
W 11 4 1
W 11 4 5
W 11 2 5
J 5 5 2
W 1 3 9
J 5 5 7
W 15 4 1
W 4 1 2
W 3 3 1
W 12 4 1
W 14 3 4
W 11 3 5
J 7 1 7
J 7 1 7
W 1 5 4
W 1 5 1
L 20 4 6
L 110 2 6
T 136 5 6
P 47 2 8
P 78 1 9
P 93 4 6
T 29 4 6
P 21 3 6
T 147 4 6
P 51 4 6
P 61 1 8
P 20 2 6
T 132 4 7
L 95 5 6
T 24 5 6
L 51 2 7
G 51 2 7
T 121 1 6
P 97 5 9
P 109 1 8
P 48 1 8
T 40 5 8
T 13 1 8
L 135 3 6
L 142 3 6
T 141 1 8
T 139 5 6
P 105 1 8
P 107 4 6
P 109 1 8
T 13 3 9
P 99 2 7
P 23 4 6
P 41 2 6
P 71 2 6
P 54 3 6
P 86 1 8
P 107 2 6
P 82 1 6
G 57 1 8
P 75 5 7
118 5
107 4
42 9
26 6
95 1
109 6
1 45 3
W 1 4 9
G 50 3 7
T 51 1 8
P 73 2 7
L 16 1 9
P 41 5 6
P 65 1 8
P 80 1 9
T 1 2 7
T 19 3 8
P 3 4 6
L 81 3 9
G 27 1 7
G 12 2 8
P 50 5 6
P 62 1 6
G 40 1 6
P 44 1 6
G 5 4 6
P 26 1 6
P 53 1 6
P 77 1 8
L 18 5 6
T 46 2 7
P 10 2 8
P 54 3 8
T 15 1 6
L 51 5 6
P 64 1 6
L 16 4 6
P 36 4 6
L 45 3 9
L 48 3 6
P 66 2 6
G 36 4 6
T 1 1 6
T 52 1 9
P 41 1 6
P 60 2 6
P 56 3 6
T 46 1 6
P 72 3 8
G 51 1 8
L 41 3 8
P 21 1 6
P 45 2 8
11 1
83 4
14 5
29 35 3
J 12 1 7
W 6 1 4
J 8 1 8
W 10 1 2
W 15 4 8
W 24 1 6
W 6 3 1
W 2 5 8
W 10 5 5
W 22 1 8
J 18 1 3
W 24 2 1
W 17 5 7
W 5 1 2
W 21 1 4
J 1 2 8
W 4 1 2
W 7 5 6
J 17 1 1
W 21 3 9
J 15 1 1
J 23 4 1
W 1 2 1
J 6 5 7
W 25 4 4
W 14 4 1
W 21 4 5
W 22 5 4
W 25 4 4
T 1 4 6
P 52 1 6
T 157 3 9
T 164 5 6
P 73 2 9
P 1 4 8
T 88 2 9
P 85 1 6
G 205 1 6
G 134 5 6
T 133 3 9
P 171 5 8
T 19 1 9
T 27 1 6
L 244 5 6
G 241 1 6
P 55 2 8
T 250 1 6
T 121 1 7
P 100 1 6
P 18 3 6
P 76 4 8
T 21 4 6
T 25 3 8
P 250 3 7
P 201 1 8
P 122 1 8
P 248 4 8
L 231 3 7
P 84 3 7
P 184 5 6
P 178 1 6
L 87 3 7
P 175 5 6
T 29 5 6
169 3
211 4
191 9
41 25 7
W 1 4 4
W 1 2 7
W 7 1 2
W 15 1 8
J 20 1 1
J 9 4 1
W 17 4 4
W 16 1 1
W 19 5 5
W 6 1 1
J 17 1 2
J 17 3 4
W 1 1 1
W 1 2 7
J 6 5 7
W 17 1 5
W 9 2 5
W 1 1 9
W 13 3 2
W 1 4 6
W 15 3 3
W 11 1 4
W 9 1 1
W 1 4 5
W 6 1 6
J 10 1 1
W 11 4 5
W 9 1 2
W 4 1 4
J 20 3 1
W 2 4 1
W 2 1 9
J 17 5 5
W 9 3 8
W 18 1 4
W 7 5 7
W 20 5 6
J 7 1 8
W 19 1 1
J 15 3 3
W 19 2 4
P 28 5 8
T 90 1 8
T 155 1 6
P 192 2 7
T 33 1 6
P 137 4 6
P 181 3 6
L 91 4 6
P 201 5 7
P 57 1 6
P 115 4 6
T 177 2 6
T 108 1 6
T 149 1 6
P 35 4 8
T 3 3 9
T 120 1 7
P 94 5 9
L 179 3 6
P 71 5 7
P 36 5 9
G 177 5 8
P 85 5 9
P 134 2 6
G 24 1 6
103 7
101 7
81 3
100 6
173 7
200 2
191 3
80 37 1
J 2 1 6
J 5 1 1
W 1 4 5
W 5 1 4
W 3 2 4
W 4 3 1
W 1 3 4
W 3 1 3
W 1 5 4
J 2 4 1
W 1 4 4
W 3 5 7
J 4 3 5
J 1 5 1
W 2 1 4
W 5 1 1
W 5 5 5
W 3 2 1
W 1 5 6
W 1 5 8
J 1 5 6
W 5 2 2
W 1 5 7
W 1 1 1
W 2 2 1
W 4 3 4
W 6 4 1
W 1 1 2
J 6 2 1
W 2 1 2
W 1 5 5
W 1 2 1
W 1 2 4
J 1 2 2
W 2 2 4
J 1 3 4
W 1 3 5
J 5 4 1
W 5 1 7
J 3 2 2
W 1 5 1
W 4 1 1
J 1 2 5
W 3 2 9
W 1 4 7
W 1 2 1
W 1 3 3
W 1 1 6
J 4 1 2
W 1 3 3
W 5 1 9
W 5 1 9
J 3 4 9
J 3 3 5
W 4 1 5
W 3 3 7
W 5 2 1
J 4 2 2
W 4 3 4
W 6 1 6
W 5 5 7
J 1 4 1
J 6 2 9
J 5 3 3
W 1 1 8
W 1 2 7
W 1 1 3
W 3 5 5
W 3 3 1
W 1 5 1
W 1 5 1
J 5 4 6
J 1 4 3
J 5 4 5
W 5 1 4
J 1 1 2
J 1 3 6
W 1 5 1
J 2 4 6
J 3 3 6
P 21 1 6
P 14 1 8
T 23 1 7
P 3 1 6
L 42 5 6
P 66 4 7
P 34 5 9
T 36 1 7
L 22 5 6
P 28 3 9
P 53 2 6
T 38 1 9
G 13 1 6
P 32 3 6
L 48 5 9
P 15 2 6
P 2 3 7
T 29 4 8
P 3 1 6
P 52 5 9
P 4 1 6
T 50 5 6
L 66 2 7
P 6 3 6
P 35 2 8
P 22 3 6
P 10 2 6
P 24 1 7
P 45 4 8
P 3 1 6
P 29 1 8
L 11 5 8
P 3 1 8
P 20 4 6
T 58 5 8
G 13 3 6
L 61 4 6
41 4
99 23 6
W 1 4 6
W 1 4 1
J 1 5 1
J 1 4 9
W 1 5 1
J 1 5 7
W 1 2 9
W 1 2 7
J 1 3 1
W 1 1 1
W 1 2 1
W 1 2 8
W 1 5 1
W 1 5 4
W 1 5 1
W 1 1 1
W 1 4 4
J 1 4 7
W 1 5 1
J 1 3 2
J 1 2 2
W 1 4 8
W 1 1 1
W 1 5 5
J 1 3 1
W 1 2 7
J 1 1 5
W 1 3 8
W 1 3 1
J 1 2 5
W 1 1 7
W 1 1 3
W 1 2 2
W 1 2 2
W 1 2 4
W 1 1 5
W 1 1 8
W 1 1 1
W 1 3 6
J 1 1 1
J 1 5 1
W 1 2 4
W 1 2 4
W 1 3 4
J 1 3 8
W 1 3 5
W 1 5 1
W 1 1 3
W 1 2 1
W 1 1 2
W 1 5 4
W 1 3 2
W 1 3 7
W 1 3 8
W 1 4 4
W 1 5 7
J 1 5 1
W 1 5 8
W 1 3 1
W 1 5 8
J 1 1 6
W 1 1 6
W 1 3 3
J 1 4 4
W 1 5 1
J 1 1 1
W 1 1 1
W 1 2 4
W 1 2 5
W 1 2 3
W 1 3 2
W 1 2 7
J 1 5 2
W 1 1 9
W 1 1 1
W 1 5 4
J 1 1 7
W 1 4 3
W 1 1 6
J 1 1 2
W 1 4 4
J 1 1 9
W 1 2 1
W 1 1 5
W 1 5 1
W 1 4 9
W 1 4 1
W 1 2 9
J 1 1 6
W 1 1 7
W 1 5 2
W 1 1 6
W 1 1 5
W 1 1 7
W 1 5 2
W 1 2 7
W 1 1 4
W 1 1 8
W 1 1 6
T 1 5 6
T 1 4 6
G 1 4 6
G 1 1 6
P 1 5 6
L 1 1 8
P 1 3 7
P 1 1 6
P 1 3 6
P 1 1 6
L 1 4 6
G 1 1 6
P 1 5 6
T 1 1 6
P 1 5 6
L 1 4 6
T 1 1 8
L 1 1 6
P 1 4 6
L 1 4 6
L 1 1 6
L 1 2 7
P 1 1 8
1 2
1 4
1 4
1 1
1 1
1 9
6 25 10
W 7 5 3
J 3 3 8
J 1 1 7
J 5 4 7
W 2 4 6
W 3 1 2
P 17 4 7
P 15 1 9
L 13 3 6
G 24 4 6
P 75 3 6
P 61 2 7
G 61 2 6
P 23 4 6
P 1 4 6
P 28 2 8
T 8 1 6
P 25 2 9
G 24 1 9
T 25 1 8
T 18 2 8
P 62 1 6
T 73 5 8
T 7 5 6
G 41 5 8
T 67 4 6
L 21 2 6
T 51 1 8
T 19 5 6
P 53 4 6
P 61 1 6
52 9
31 7
51 5
1 3
11 4
68 4
73 4
17 7
13 1
65 7
13 32 3
W 10 5 4
J 7 4 1
W 6 1 9
W 1 3 1
W 8 1 5
W 1 1 9
W 9 2 1
W 9 1 4
W 9 4 7
W 7 1 5
W 3 1 7
W 6 3 1
J 2 2 3
T 4 2 7
P 15 3 6
G 87 1 6
P 100 5 6
P 69 1 7
T 4 1 8
P 91 1 8
P 64 4 8
L 87 1 8
T 16 4 8
G 91 1 6
P 99 1 9
G 22 4 8
L 37 2 6
L 79 4 6
P 47 1 6
T 13 1 8
P 61 3 6
T 63 1 6
G 5 4 8
L 73 1 8
P 72 5 6
P 101 3 8
P 35 3 6
P 92 4 8
P 22 1 7
P 54 1 8
G 81 1 6
P 55 3 8
G 85 5 6
T 40 1 9
P 37 2 8
4 1
1 7
16 1
41 31 9
W 6 5 7
W 2 4 2
W 4 4 1
W 1 1 4
J 1 2 9
W 1 3 7
J 1 2 2
W 2 3 5
J 1 4 6
W 1 1 2
W 1 1 9
W 4 3 4
W 6 5 9
W 6 1 5
W 6 1 2
W 5 4 9
J 3 2 7
W 1 3 1
W 1 3 5
W 1 3 8
W 3 3 4
J 1 1 1
W 5 1 2
W 1 2 2
W 1 2 2
J 4 3 7
W 1 5 4
W 2 1 1
J 3 5 3
W 4 4 9
W 6 3 5
W 4 1 1
J 4 3 7
W 5 3 1
W 6 2 1
W 5 1 1
W 1 1 8
J 5 1 1
W 1 1 9
W 1 5 7
J 5 4 5
P 44 2 8
P 53 1 8
T 29 1 6
L 26 3 6
G 55 4 6
P 6 5 6
P 9 2 9
P 27 3 6
P 34 5 7
P 20 1 9
P 22 1 8
G 14 1 6
L 6 4 9
T 23 5 6
P 13 1 8
P 25 5 6
P 55 1 6
T 49 3 6
P 51 3 6
P 29 4 6
P 46 2 6
P 10 3 6
G 42 4 8
P 40 1 6
P 33 3 7
G 25 1 7
T 21 4 8
P 29 5 6
P 52 1 8
T 52 3 6
L 44 1 6
58 8
6 6
9 4
50 6
28 5
21 4
43 4
29 1
57 9
18 40 5
W 1 1 5
W 4 1 2
W 3 3 1
W 1 5 1
J 11 1 1
W 7 4 7
J 16 2 3
W 1 5 7
W 1 4 9
W 8 2 4
J 10 1 4
J 6 1 7
W 9 1 9
W 4 4 4
W 20 1 7
W 1 1 3
W 2 1 1
W 14 4 6
P 153 4 6
P 89 1 6
P 101 4 6
G 50 5 6
G 145 4 9
P 87 1 6
P 197 5 7
P 42 3 9
T 6 1 6
T 133 2 6
G 98 1 6
G 226 3 9
P 113 1 8
T 225 5 8
T 153 1 7
L 47 5 6
T 94 4 9
P 201 4 6
T 87 1 6
T 24 1 8
P 1 1 7
P 104 5 6
P 129 5 8
P 209 1 6
G 64 1 9
T 135 1 7
P 86 4 8
L 125 1 6
L 73 2 9
L 149 2 8
T 75 1 9
P 6 4 6
L 137 4 6
P 5 4 7
T 67 1 6
P 93 5 8
T 229 5 6
P 171 1 9
P 157 1 8
L 133 3 9
63 4
77 3
80 5
82 1
61 7
78 5 1
W 17 1 3
W 1 1 1
W 1 2 7
W 10 4 5
W 14 1 1
W 25 5 1
W 1 1 7
W 12 2 4
W 5 2 8
J 15 2 2
W 18 1 1
W 7 5 2
W 21 5 3
J 21 1 8
W 7 4 6
W 11 1 8
W 9 1 1
W 7 1 9
W 10 5 8
J 20 3 1
J 9 5 3
W 8 3 8
W 19 1 1
W 12 2 7
W 18 1 7
J 20 2 9
W 5 5 2
W 16 4 1
W 3 2 3
J 7 1 1
J 21 5 1
J 7 4 6
W 7 4 7
W 11 3 8
W 7 1 1
W 17 3 2
W 13 4 8
J 1 1 1
W 19 2 1
J 6 1 7
W 14 2 9
W 23 5 5
W 25 1 7
J 9 3 1
W 23 5 8
J 25 1 1
W 6 1 2
W 19 5 1
J 19 5 9
W 25 4 4
J 9 3 1
J 5 5 8
J 1 1 1
J 1 3 1
J 4 5 7
W 3 4 4
W 25 3 5
W 19 4 7
W 11 1 1
W 16 1 2
J 11 4 9
J 3 5 3
W 8 1 6
W 26 2 7
W 5 1 1
W 7 1 2
J 14 1 1
W 5 2 1
W 9 5 4
W 11 2 6
W 5 1 3
W 1 1 1
W 17 3 1
J 21 4 2
W 6 2 8
J 15 4 1
W 25 3 3
W 15 2 4
P 139 2 8
P 201 2 8
G 73 5 6
T 113 5 6
P 175 3 7
31 2
39 47 7
W 10 4 9
W 10 1 1
J 21 1 1
W 20 4 4
W 4 1 4
J 6 4 4
W 10 1 1
J 1 3 8
W 15 2 3
J 7 4 1
W 7 1 4
W 13 5 1
W 17 2 7
W 20 1 7
W 2 1 4
J 16 5 1
J 18 1 6
W 2 4 8
W 19 3 7
W 15 4 7
J 14 2 5
W 17 4 7
J 18 4 5
W 4 3 4
W 19 1 4
J 15 4 1
W 1 1 7
W 7 2 9
W 13 1 1
W 7 1 9
J 1 2 1
J 1 2 1
W 10 4 1
W 10 3 5
W 1 5 4
W 12 1 4
J 19 1 8
W 7 3 7
W 18 3 7
G 137 2 9
L 145 4 9
L 106 4 6
T 209 5 8
T 145 1 8
L 98 5 7
T 200 1 8
P 182 1 6
P 37 2 6
P 92 4 6
T 3 2 7
P 64 1 7
T 161 1 8
T 103 2 9
P 24 4 9
G 37 5 8
P 98 5 6
T 89 2 6
P 17 5 7
P 4 1 8
T 149 1 6
T 139 4 6
L 186 1 7
P 115 5 8
P 147 2 6
P 32 4 9
P 13 5 6
P 210 4 8
P 104 5 6
P 193 1 6
P 11 2 6
P 201 4 7
P 187 3 6
P 67 1 7
P 87 5 9
P 63 4 8
P 99 3 6
P 164 1 7
P 137 5 6
G 129 1 6
L 76 5 8
P 128 1 8
T 166 1 6
P 157 2 7
T 33 1 7
P 35 1 6
P 84 5 6
85 7
203 5
139 1
69 4
71 2
79 4
29 9
29 5 8
W 1 1 5
J 27 1 2
W 12 1 4
W 25 3 6
W 19 1 1
W 8 4 7
W 25 2 2
W 19 1 2
W 1 1 2
W 16 1 1
J 15 1 1
J 19 1 1
W 3 1 7
J 1 3 1
W 19 1 4
W 9 3 9
W 1 5 3
W 19 1 4
W 4 1 3
W 15 5 1
W 5 1 3
W 18 1 3
W 10 2 4
J 11 1 9
J 18 4 2
W 12 2 2
W 4 1 1
J 25 1 8
J 19 1 4
P 210 5 9
L 169 2 9
G 248 5 9
P 220 1 6
G 172 4 6
11 2
49 6
94 6
40 5
157 1
158 7
41 6
249 3
79 37 6
J 4 5 4
W 4 1 7
W 1 2 4
W 9 4 2
W 7 3 7
J 7 2 4
W 3 2 1
W 7 2 4
W 4 4 7
J 8 1 1
J 4 1 2
J 6 4 4
J 6 4 1
W 5 3 7
W 1 4 9
J 9 4 6
J 2 1 3
W 5 2 1
W 9 4 1
J 5 1 1
W 1 2 6
W 1 1 1
W 1 2 1
J 4 1 2
J 5 1 1
W 9 1 9
J 4 3 3
W 7 3 9
J 2 3 5
W 4 1 6
W 5 1 3
J 8 3 4
W 3 4 1
W 2 1 7
W 6 5 8
W 4 5 1
J 1 1 7
W 9 1 9
W 1 1 7
W 1 5 1
W 1 1 1
W 4 1 3
J 4 4 9
W 1 1 1
J 4 1 2
W 4 1 1
J 6 5 1
W 8 1 1
W 7 1 5
W 7 3 8
W 7 1 3
W 3 4 5
W 5 4 6
W 5 1 7
J 3 3 7
W 8 3 7
W 5 4 1
W 7 1 7
J 1 1 1
W 1 1 1
W 7 1 3
W 4 3 1
J 5 5 1
W 8 2 3
J 4 4 6
W 4 2 1
W 3 5 9
W 4 2 7
W 8 1 9
W 1 5 1
W 6 4 3
W 1 1 3
W 6 1 1
W 6 1 6
J 1 3 9
W 1 3 9
W 2 4 4
W 7 1 5
J 1 1 1
L 13 1 6
P 16 2 6
P 49 4 6
P 1 1 8
P 10 4 6
P 81 1 9
G 13 3 6
L 73 1 6
P 69 1 8
T 59 1 7
P 75 3 8
G 19 1 9
G 33 1 9
P 91 5 6
T 1 1 9
P 25 2 9
P 2 4 7
T 41 4 7
T 9 1 6
P 7 1 8
T 33 1 6
P 25 4 8
L 1 1 8
T 30 5 7
T 40 4 6
P 31 2 6
G 17 2 8
G 15 5 9
T 45 1 6
P 89 4 9
P 39 5 8
P 7 2 6
T 5 3 8
P 85 5 6
T 49 2 8
T 49 1 8
L 4 5 6
40 2
17 4
57 6
49 4
1 4
3 4
17 13 5
W 13 5 2
W 5 4 1
J 2 5 9
W 7 3 9
W 3 1 7
W 1 1 4
W 1 5 3
W 8 1 1
W 1 5 4
J 12 5 1
W 9 3 2
J 9 4 1
W 6 5 7
W 8 5 9
W 1 3 7
W 5 1 4
W 13 2 1
T 66 3 9
G 45 4 6
T 115 1 8
P 112 5 6
P 123 5 6
P 7 1 6
T 65 5 6
P 114 1 8
P 102 5 9
T 21 1 6
P 113 2 9
P 100 5 9
T 49 4 6
8 9
62 2
90 1
60 1
22 4
