51
65 43 3
W 1 3 2
J 2 3 1
W 4 4 4
W 2 4 1
W 3 1 6
W 2 3 3
W 5 1 4
W 1 5 3
W 1 5 1
W 1 5 8
W 1 1 1
W 3 5 1
W 5 3 1
W 5 1 6
J 3 4 6
W 5 3 9
W 5 2 6
J 5 1 1
W 5 2 1
W 1 3 4
J 2 2 7
W 1 5 1
W 2 1 9
W 1 1 1
W 1 5 8
W 1 5 1
W 4 3 7
W 4 3 1
W 5 5 1
W 4 4 7
W 5 5 1
J 2 3 7
W 3 2 3
W 3 5 2
J 1 1 8
W 1 2 1
J 1 1 2
W 3 3 3
W 4 2 5
J 3 5 6
J 2 1 4
W 3 1 1
J 1 1 1
W 5 3 7
W 4 3 7
J 4 2 9
J 4 2 7
J 3 4 7
W 2 5 9
J 2 1 4
J 3 1 6
J 1 5 1
J 3 2 9
W 1 4 7
J 4 1 2
W 1 1 5
W 1 2 1
W 2 3 8
W 2 1 2
W 3 3 8
W 2 2 4
W 1 3 4
W 3 2 7
W 1 5 1
W 1 3 7
P 7 2 9
P 37 1 6
P 5 2 6
L 45 3 7
P 50 4 9
L 13 2 9
P 26 3 9
T 6 3 8
P 34 1 6
P 35 5 6
P 34 5 9
P 45 5 7
T 49 4 9
P 13 1 6
G 38 4 6
P 35 2 6
L 1 5 8
P 17 2 8
P 40 5 6
P 13 3 9
P 10 2 8
P 21 4 8
T 24 2 8
T 19 1 9
T 23 1 8
G 19 1 7
G 22 4 8
P 13 4 8
G 40 5 6
L 27 3 8
P 49 1 6
T 32 2 6
T 18 3 6
P 10 2 8
T 7 1 6
P 25 1 6
T 1 1 8
T 28 4 7
T 8 1 9
P 22 1 6
T 40 1 6
G 1 3 9
G 9 1 6
26 2
1 4
27 4
81 15 9
W 8 1 9
W 1 4 4
W 5 3 9
W 3 1 1
W 5 4 1
W 7 1 8
W 1 4 6
W 5 4 4
J 1 1 3
W 3 2 5
W 5 5 5
J 5 3 7
W 8 1 7
W 1 1 1
W 2 3 1
W 8 5 9
W 2 3 4
W 1 5 5
W 7 2 8
W 1 1 6
W 4 2 1
J 5 2 6
W 3 1 8
W 1 2 5
J 5 5 7
J 2 5 4
J 1 5 9
W 1 2 6
W 7 1 3
J 1 2 1
W 6 4 3
W 4 2 7
W 1 5 2
J 7 5 1
W 7 5 5
W 5 3 5
W 3 2 7
J 7 4 1
W 3 2 7
W 8 1 8
J 3 4 2
J 6 5 4
W 3 1 1
W 6 1 4
J 6 2 8
W 1 2 6
W 6 3 5
W 6 5 6
W 5 2 8
W 7 3 8
W 1 2 1
J 5 1 3
J 5 4 4
J 1 1 3
W 1 1 9
J 7 1 2
W 1 3 1
W 7 2 9
J 1 2 3
W 8 1 7
W 1 5 4
W 7 5 9
W 2 5 1
W 3 5 1
W 4 1 8
W 1 4 6
W 1 2 4
J 5 4 2
J 2 4 7
J 5 3 3
W 1 3 1
W 7 2 2
J 1 1 1
W 1 5 1
J 3 3 3
W 1 4 6
W 1 1 7
W 2 5 9
W 7 2 8
J 1 2 7
W 3 3 2
L 1 5 6
P 6 1 9
P 14 3 6
P 1 3 6
T 29 4 6
P 80 1 6
P 79 1 9
T 35 3 8
P 39 5 6
P 41 1 9
P 11 2 7
T 4 3 8
T 38 5 6
L 26 1 6
L 16 2 6
35 4
73 7
71 6
5 2
10 5
6 5
44 5
47 7
18 4
55 45 1
J 16 1 6
W 6 5 8
W 8 5 7
W 12 1 7
J 11 1 1
W 17 1 2
W 7 5 1
W 11 3 6
J 6 2 2
J 3 4 1
J 2 1 4
J 8 2 1
W 6 2 5
W 1 1 3
J 1 5 1
J 13 4 4
W 16 4 4
W 7 1 2
J 12 1 1
W 13 1 8
J 7 2 7
W 4 3 1
J 16 5 8
W 7 1 9
J 1 2 8
J 17 3 1
W 17 1 6
J 16 5 6
W 8 1 6
W 8 5 1
J 2 1 7
W 14 2 8
J 3 1 1
J 1 5 7
W 3 3 6
W 4 2 3
W 15 5 9
W 1 1 8
W 3 1 1
W 1 2 8
W 8 5 8
W 5 1 1
W 11 1 8
W 16 1 6
W 17 4 5
W 4 1 9
W 15 1 9
J 8 5 1
W 3 5 7
W 14 1 5
W 2 2 6
J 2 1 7
W 7 1 1
W 13 3 2
W 5 3 4
T 128 1 7
T 147 2 9
P 55 5 8
P 26 1 6
P 130 5 7
P 63 3 6
P 155 1 9
P 123 5 8
P 105 3 9
T 156 1 8
P 77 4 8
G 57 4 9
P 116 5 7
L 125 4 9
P 135 1 9
G 9 1 6
P 149 1 6
P 165 1 9
P 17 3 6
P 61 5 7
T 141 1 9
P 126 1 6
T 103 3 8
P 1 2 6
T 137 5 6
P 49 3 8
T 9 4 8
P 148 1 6
T 23 2 6
T 49 1 6
P 1 1 6
G 64 1 6
T 61 1 9
P 153 5 9
P 133 1 6
P 133 5 6
T 129 2 6
T 87 4 9
P 151 1 6
T 45 5 8
P 121 1 7
T 163 1 8
T 83 4 6
L 86 1 6
T 117 1 7
154 4
26 19 5
W 5 1 7
W 8 1 7
J 4 2 6
W 8 3 2
W 9 3 1
J 8 3 1
W 9 2 1
W 2 4 5
W 4 1 5
W 4 5 4
J 3 3 3
W 6 4 6
W 5 1 1
W 1 3 7
W 10 2 1
J 9 4 7
W 9 3 1
J 4 3 4
J 1 2 4
W 5 5 8
J 6 3 7
W 10 5 7
W 2 1 8
J 6 1 7
W 8 4 3
J 8 3 3
T 86 5 9
G 30 1 6
G 33 1 6
P 28 5 6
P 70 5 7
L 20 4 6
T 67 3 6
T 113 1 6
P 31 1 6
T 56 1 9
P 47 1 7
P 41 4 9
L 38 2 8
P 83 5 9
T 77 4 8
P 28 2 6
P 52 1 8
L 21 1 6
L 45 4 8
11 1
27 2
13 1
86 3
75 8
37 47 1
W 24 3 2
W 9 1 1
W 21 3 1
J 20 2 1
W 23 1 1
W 21 4 2
W 19 2 2
W 10 3 4
W 21 2 5
W 1 5 2
W 4 3 6
W 1 3 4
W 7 1 4
W 4 1 4
J 1 5 3
J 7 1 7
W 9 1 7
J 17 4 1
W 1 4 3
W 1 1 2
W 19 2 1
J 19 3 1
W 20 1 1
J 19 3 2
W 20 3 9
W 3 5 3
W 16 5 1
W 13 3 3
W 1 5 1
W 7 4 5
J 21 1 1
J 1 2 5
W 1 5 2
W 1 3 1
W 15 3 4
W 17 5 9
J 1 1 7
G 106 1 8
T 1 1 9
P 143 4 7
P 121 2 6
P 191 5 6
P 144 1 9
P 159 5 7
P 190 1 8
L 16 4 6
T 192 1 6
P 148 4 8
T 11 1 6
T 136 1 6
P 34 3 6
P 185 1 6
P 62 1 6
P 54 1 6
P 21 1 8
G 37 4 6
L 140 1 9
P 118 1 9
P 228 5 6
P 44 1 8
T 16 1 6
P 126 2 6
P 25 1 8
P 56 3 6
L 19 2 6
P 218 4 6
P 42 4 6
T 50 1 8
G 53 3 6
T 101 1 6
L 212 5 7
P 150 1 6
P 146 3 6
T 7 1 8
T 53 1 8
P 172 4 6
G 31 4 9
L 127 1 8
L 239 4 6
G 67 5 7
P 207 2 9
T 41 1 6
T 141 2 6
P 109 4 6
43 8
41 52 1
W 3 5 9
W 12 1 5
W 4 1 7
W 5 4 3
W 5 3 8
W 3 1 9
J 15 4 5
W 1 5 1
J 13 1 5
W 11 1 4
W 13 2 5
J 1 3 9
W 1 5 6
W 1 2 8
W 5 4 5
W 13 1 1
J 1 2 1
W 12 1 7
W 1 3 7
W 6 5 2
W 11 1 7
W 1 1 1
W 1 3 4
W 9 2 2
W 7 2 4
W 16 1 1
W 5 2 1
J 15 2 7
J 9 2 4
W 6 5 1
W 16 5 9
W 3 4 1
W 15 5 7
W 5 4 9
J 13 5 1
W 15 5 8
W 1 2 9
W 13 5 7
W 11 3 3
W 1 3 4
W 15 1 8
G 116 3 7
P 136 4 6
P 123 3 6
L 150 1 6
G 149 4 8
P 54 2 6
L 9 3 8
T 24 2 9
T 150 2 8
L 63 2 8
P 122 4 7
P 160 1 7
P 57 5 9
P 71 5 8
P 97 5 8
P 92 1 6
P 107 5 6
G 89 1 6
P 100 5 6
P 146 1 7
T 31 1 8
T 24 5 9
G 67 5 6
L 52 1 6
L 44 3 9
T 148 2 6
G 1 4 6
T 41 4 6
T 64 1 9
T 109 2 6
T 39 1 6
T 145 5 9
T 105 4 6
G 60 1 7
P 32 1 8
T 38 5 6
P 44 3 6
G 131 4 8
P 161 1 9
P 91 3 6
P 143 4 8
P 39 2 7
P 5 5 6
P 90 3 8
P 95 1 7
G 111 5 8
P 151 2 6
P 93 2 6
P 31 1 9
G 106 2 9
P 72 5 6
T 150 3 6
85 1
81 30 9
J 1 5 9
J 1 1 4
W 2 1 7
J 1 2 2
W 1 2 4
W 1 5 9
J 1 1 1
W 2 1 9
J 2 3 9
W 1 1 1
J 2 4 1
W 2 1 1
W 2 2 1
J 1 5 1
W 1 1 7
W 1 1 4
W 1 1 1
J 1 1 4
W 1 1 7
W 1 3 1
W 1 4 1
J 1 5 4
W 1 1 4
W 2 1 3
W 2 1 7
W 1 4 4
W 1 4 7
J 2 3 4
W 2 1 3
W 1 5 1
J 1 1 4
W 1 4 7
W 1 4 2
W 2 1 8
W 2 1 9
J 2 1 7
W 1 1 2
W 1 1 7
J 1 1 1
W 2 1 9
W 1 1 5
W 1 5 4
W 1 2 9
J 1 4 1
W 1 5 1
W 2 5 9
J 1 3 9
W 1 3 7
W 2 4 6
W 1 2 9
W 1 1 3
W 1 1 7
W 1 3 7
J 1 1 1
W 1 3 2
J 2 4 1
W 1 5 5
W 1 5 3
J 2 2 1
W 1 3 1
W 1 1 1
J 2 1 3
W 2 1 3
W 1 4 7
W 2 2 1
W 1 1 5
W 2 3 5
W 1 3 5
J 1 4 1
J 1 4 6
W 1 1 1
W 1 2 8
W 2 1 2
W 1 1 5
W 2 5 4
W 2 1 9
J 2 5 7
W 2 3 7
W 1 1 3
W 1 3 7
W 1 2 1
L 22 4 6
P 4 4 6
T 2 1 7
P 5 3 8
T 10 4 8
P 14 1 8
L 14 2 8
P 13 1 6
P 6 1 6
T 11 1 8
G 5 2 7
P 21 1 6
T 10 2 6
T 1 1 9
G 3 1 6
P 1 4 6
P 3 5 6
P 22 1 9
P 1 2 8
P 7 1 8
T 11 2 6
P 12 2 6
P 21 1 6
P 7 4 6
G 17 1 6
L 20 1 6
L 6 4 9
T 1 1 9
P 13 1 6
T 14 1 6
16 6
11 5
9 9
20 2
7 1
6 4
3 1
4 7
13 8
25 30 1
W 1 5 4
J 3 4 3
J 3 5 1
W 1 1 1
W 3 1 2
W 3 3 4
W 3 1 4
W 1 4 1
W 2 1 4
J 2 5 7
J 2 2 1
W 1 3 7
W 1 3 7
J 1 4 3
W 1 2 1
W 1 1 1
J 1 4 1
W 1 3 1
W 2 3 1
W 1 2 4
J 1 1 1
W 1 1 4
W 2 1 1
W 1 4 8
W 2 4 9
G 30 3 8
P 6 2 8
P 22 5 7
P 2 1 6
P 24 5 8
P 2 5 8
P 9 1 6
P 27 1 9
T 8 4 6
G 5 1 6
P 16 3 6
P 10 3 6
L 12 1 6
P 19 5 6
P 7 4 6
G 15 4 6
P 17 1 6
T 29 2 6
P 2 2 6
T 19 5 8
G 14 1 6
T 18 1 9
G 6 5 8
P 4 5 8
T 22 5 6
L 5 4 6
P 1 1 9
L 21 1 8
T 3 4 6
L 17 3 6
22 1
40 25 5
J 14 1 6
W 21 1 4
W 6 5 3
W 11 2 5
W 6 3 1
W 11 4 6
W 4 1 3
W 25 1 7
W 22 1 6
J 23 4 4
W 3 4 1
W 21 1 5
J 21 3 3
W 1 3 1
W 11 4 7
J 15 5 8
W 20 5 7
W 21 2 4
W 4 2 4
W 3 5 9
W 1 1 4
W 14 1 7
W 22 2 1
W 9 1 7
W 23 1 8
J 17 1 8
W 23 4 4
W 11 5 1
W 25 2 7
W 24 1 4
W 23 3 4
W 4 4 3
W 14 1 1
W 25 3 8
J 13 2 1
W 2 3 1
W 13 3 1
J 1 1 1
W 19 5 8
W 22 5 1
T 23 4 7
L 89 5 6
T 40 1 6
L 241 5 6
P 248 2 6
L 175 3 6
P 1 5 6
P 91 4 6
G 224 1 8
T 50 1 8
G 236 5 6
P 191 1 6
G 38 4 9
T 162 1 8
P 173 2 6
T 87 5 7
P 2 4 6
L 182 3 6
T 12 4 8
T 12 2 8
P 232 5 6
P 185 4 7
P 75 2 7
P 50 3 6
G 11 1 8
62 7
104 1
70 6
56 3
209 6
81 27 6
J 17 4 1
W 3 1 6
J 25 1 8
J 15 5 8
J 17 3 3
W 19 3 1
W 1 1 9
W 1 5 7
W 11 3 7
W 5 2 4
W 9 2 8
W 22 2 5
W 9 1 1
W 5 1 7
J 11 4 8
W 25 3 7
W 16 1 1
J 13 4 4
W 12 2 7
W 13 3 6
J 3 3 9
J 19 5 7
W 1 1 8
J 1 1 5
W 1 1 4
W 3 2 7
J 19 1 4
W 17 1 3
W 3 2 1
W 7 5 4
W 9 5 6
W 20 4 6
W 13 1 2
W 18 1 9
W 3 2 5
W 15 1 3
J 19 1 5
W 21 3 6
J 9 1 1
W 9 2 7
W 11 4 9
W 6 3 4
W 25 3 6
J 4 1 1
J 15 5 9
J 24 1 4
W 5 5 9
W 4 5 4
W 3 5 9
J 1 4 4
J 22 1 3
W 1 1 7
W 7 1 7
W 25 4 1
W 10 2 6
J 11 4 3
W 21 1 5
W 2 4 8
J 1 2 9
W 1 3 1
W 21 2 1
W 22 5 1
W 25 1 7
W 15 1 1
W 13 2 7
W 1 1 1
J 5 2 3
W 25 1 1
W 1 1 6
W 11 5 4
W 9 3 8
W 21 4 8
W 21 4 8
W 9 5 7
W 12 1 5
W 1 4 3
W 22 3 7
W 20 1 7
W 6 3 4
W 3 5 7
J 7 5 4
T 131 1 9
P 1 1 6
P 252 2 6
T 111 1 7
P 201 4 6
P 192 1 6
T 15 1 7
P 196 1 7
P 206 4 7
T 170 3 6
L 134 2 9
P 142 4 6
T 219 5 6
T 105 5 9
T 146 2 6
T 146 3 6
G 150 3 8
L 152 2 7
P 41 2 6
P 101 3 8
P 139 1 9
P 256 1 8
P 120 4 6
T 44 1 9
P 200 1 6
P 202 3 6
P 236 4 8
193 7
162 1
165 4
257 7
246 1
123 1
15 9 3
W 2 3 7
W 3 3 7
W 1 1 2
W 3 2 7
W 1 1 5
W 1 4 4
W 1 1 6
W 1 1 4
W 3 5 1
J 1 1 8
W 1 3 3
J 1 5 4
W 1 5 4
W 1 3 1
W 2 2 6
T 33 3 6
P 46 5 8
G 39 2 8
P 24 4 8
L 47 4 6
P 9 1 6
P 41 1 7
G 12 3 9
T 12 3 6
1 8
1 7
22 2
81 35 10
J 1 1 7
W 1 5 4
J 1 3 1
W 1 2 3
J 1 1 7
J 1 5 8
W 1 2 1
W 1 1 5
W 1 3 6
W 1 5 1
W 1 4 7
J 1 3 6
J 1 4 4
J 1 1 6
W 1 1 1
J 1 4 8
W 1 1 8
J 1 3 7
J 1 3 3
W 1 5 4
W 1 3 9
J 1 3 7
W 1 1 7
W 1 2 3
W 1 2 5
J 1 4 1
J 1 1 2
J 1 2 8
W 1 4 2
W 1 5 2
W 1 3 7
W 1 2 7
W 1 3 8
W 1 5 1
W 1 1 1
J 1 3 2
W 1 5 6
J 1 1 2
W 1 4 2
W 1 1 6
W 1 1 1
J 1 5 1
W 1 1 4
W 1 3 1
W 1 1 7
W 1 1 9
J 1 3 6
W 1 2 4
W 1 2 6
W 1 1 5
W 1 1 1
W 1 4 1
W 1 1 1
J 1 3 1
J 1 2 2
W 1 5 7
W 1 1 8
W 1 5 1
W 1 2 1
W 1 5 7
W 1 1 1
W 1 3 8
W 1 1 1
W 1 1 2
W 1 5 7
J 1 4 7
W 1 5 8
W 1 1 4
W 1 4 4
W 1 2 4
J 1 3 4
W 1 4 2
J 1 2 1
W 1 4 3
W 1 5 7
W 1 1 1
W 1 4 7
W 1 1 6
W 1 5 4
W 1 1 4
J 1 2 7
G 1 1 6
T 1 3 6
L 1 1 6
P 1 4 6
P 1 2 8
T 1 4 6
P 1 4 7
P 1 5 9
G 1 5 9
P 1 1 6
P 1 3 8
T 1 1 9
L 1 5 8
G 1 3 6
P 1 5 6
P 1 4 6
P 1 3 9
L 1 1 6
P 1 3 6
G 1 3 6
P 1 2 8
P 1 3 6
T 1 1 6
P 1 4 8
T 1 4 9
P 1 2 6
P 1 4 8
P 1 2 8
T 1 2 9
G 1 2 9
T 1 3 9
G 1 1 6
T 1 5 6
G 1 1 7
P 1 1 6
1 1
1 1
1 7
1 7
1 8
1 1
1 4
1 9
1 4
1 4
82 26 3
W 10 4 7
W 6 5 7
J 1 3 1
W 9 1 4
J 12 5 3
W 4 2 1
W 1 3 1
J 7 4 6
W 1 2 4
J 9 2 1
W 10 5 2
W 7 3 1
W 12 1 4
W 1 4 1
W 1 1 7
J 7 5 2
W 1 1 4
W 10 3 4
J 4 1 2
W 3 3 3
W 10 4 6
W 5 3 7
W 10 2 7
W 9 5 7
W 1 5 7
W 5 4 5
W 11 4 1
W 7 3 4
J 11 4 5
W 11 5 4
W 1 2 1
W 11 3 1
W 5 1 2
J 10 1 6
W 12 3 9
W 7 2 3
W 5 4 4
W 2 1 7
J 10 1 4
W 1 2 7
W 2 4 9
J 7 1 5
W 11 1 7
J 4 1 4
W 12 1 1
W 12 3 6
J 9 2 9
W 1 2 4
W 9 4 8
W 7 4 7
W 7 1 1
W 1 1 1
W 1 1 4
W 3 3 6
W 5 5 2
W 7 1 6
W 1 1 4
W 4 5 1
W 2 3 8
W 7 5 4
W 11 2 4
J 7 3 7
W 7 3 9
W 7 5 1
W 9 1 1
J 10 2 9
W 1 1 7
W 1 5 1
W 4 5 4
W 11 3 1
W 9 3 6
W 7 1 1
W 12 5 4
W 9 2 7
W 4 5 3
J 1 1 1
W 4 3 4
W 9 2 1
W 9 1 9
J 1 1 1
W 9 2 7
W 1 2 6
P 97 1 7
P 56 1 8
L 47 5 6
P 78 5 9
P 64 1 8
T 7 4 8
P 37 5 6
P 86 4 8
P 25 1 7
G 50 1 9
P 16 1 9
G 7 4 6
P 45 4 6
P 62 1 8
P 31 2 6
P 31 1 8
L 22 4 8
P 42 5 8
P 28 2 6
P 1 1 6
T 2 3 6
P 86 2 8
T 31 3 6
T 74 1 6
T 121 5 6
P 94 1 8
41 5
56 3
107 3
61 51 9
W 21 1 6
W 13 1 1
J 13 5 1
W 9 4 9
W 7 3 9
W 7 3 4
W 15 1 9
W 20 1 9
W 7 1 6
W 3 1 3
W 1 5 8
W 1 1 2
W 10 3 4
W 4 1 7
J 4 1 8
W 7 5 8
W 3 5 7
W 19 3 2
W 10 4 4
W 10 3 3
W 1 1 1
W 4 2 1
J 6 4 5
W 11 1 4
W 3 4 3
W 19 4 5
W 6 1 4
J 19 2 1
W 1 1 7
J 7 2 1
W 5 3 1
W 5 1 5
W 1 1 1
W 4 3 1
W 4 2 1
W 1 5 6
W 1 5 1
W 19 4 1
W 6 1 1
W 1 4 1
W 10 5 5
W 1 5 3
J 7 1 7
W 19 4 1
W 19 1 7
W 4 3 8
J 3 4 3
W 1 1 7
W 15 4 4
W 12 1 4
W 1 5 2
W 13 1 1
W 21 1 7
W 12 4 7
W 4 5 6
W 13 1 7
W 16 2 1
W 6 1 5
W 1 1 1
W 20 5 1
W 8 3 3
P 163 5 6
T 63 1 9
L 25 5 6
P 66 1 8
P 93 3 6
T 155 1 8
T 97 2 9
P 167 3 8
P 165 1 6
T 148 4 6
L 172 2 7
T 177 3 8
T 198 4 6
T 79 2 8
P 120 2 6
T 48 1 6
P 67 1 8
T 29 4 8
G 188 1 7
T 84 2 8
L 1 2 7
P 158 1 6
T 14 1 6
P 128 5 7
L 10 1 8
T 111 1 9
T 201 1 6
G 60 3 9
T 140 2 6
P 12 1 9
P 15 1 9
T 87 4 6
P 90 1 9
P 185 1 9
P 149 5 6
G 52 1 9
T 106 5 9
T 1 1 8
P 1 3 8
P 62 1 8
P 54 1 9
T 142 5 7
L 8 2 9
T 14 5 6
P 148 4 6
T 182 5 8
G 33 1 8
P 138 1 7
G 57 1 8
P 93 3 8
P 16 1 6
144 3
202 6
56 3
56 7
166 1
33 4
99 2
150 1
87 9
34 31 1
W 1 3 3
W 11 1 5
J 17 3 1
J 9 3 9
J 17 4 2
W 5 4 1
W 5 3 4
J 1 1 2
W 18 3 4
W 8 5 1
W 1 4 1
W 19 1 7
J 1 1 7
J 7 2 7
J 19 1 1
W 22 1 1
J 9 4 1
W 21 3 1
W 12 1 2
W 22 1 4
J 3 5 1
J 11 2 7
W 5 1 9
J 2 5 3
J 9 1 5
J 5 4 1
W 7 3 4
J 9 1 8
W 6 1 2
W 19 2 7
W 19 4 6
J 12 1 4
W 18 4 3
J 21 4 7
T 148 1 6
T 137 4 6
T 179 4 9
P 1 4 9
L 78 4 7
T 69 4 9
P 26 2 6
P 167 2 6
P 223 5 6
P 95 2 9
G 23 1 6
G 111 1 6
G 162 3 8
T 225 5 8
T 16 3 8
L 20 1 8
P 224 4 8
P 72 5 9
T 129 4 8
T 207 1 8
L 65 4 8
P 3 5 6
P 121 5 9
G 17 1 6
P 9 1 6
T 77 1 8
T 11 1 6
P 145 3 6
P 76 2 8
L 127 1 7
P 133 1 9
165 5
89 20 1
W 19 3 6
W 19 5 6
W 7 1 7
W 12 2 7
W 10 2 1
J 19 5 5
W 15 1 1
W 2 4 3
W 17 5 3
W 16 1 7
W 13 4 3
J 3 5 6
W 12 5 9
W 8 5 4
W 8 1 1
J 17 4 8
W 2 1 4
W 8 3 3
J 1 2 3
W 10 4 9
W 19 4 7
W 17 3 7
W 19 3 7
W 14 2 1
W 9 2 4
W 12 2 1
W 3 1 7
W 3 1 1
W 1 5 8
W 9 1 9
W 19 1 4
J 9 1 7
J 3 2 5
J 1 1 8
J 5 1 3
J 9 2 7
W 12 1 1
W 1 1 1
J 14 5 8
W 9 1 1
J 1 2 3
J 2 4 4
W 15 1 4
W 10 1 7
W 1 1 1
W 8 1 7
W 19 3 7
W 18 3 1
W 11 1 7
J 7 3 7
W 7 1 4
W 14 2 7
W 1 5 1
W 11 5 4
J 14 1 2
W 12 1 7
J 2 1 7
W 19 1 6
J 12 4 4
W 19 4 5
W 4 3 1
W 18 4 1
J 17 3 4
W 16 1 1
W 18 5 8
W 11 1 1
W 4 2 1
W 6 5 1
W 11 1 1
W 19 2 1
J 13 1 4
W 1 4 3
W 1 1 5
J 13 1 9
J 14 5 4
J 14 5 1
W 19 3 1
J 6 1 7
W 11 1 8
W 13 1 7
J 15 1 1
W 4 5 1
J 5 5 4
W 11 1 1
W 8 1 7
J 5 4 5
W 16 3 2
W 14 3 7
W 9 3 4
P 59 1 8
T 132 1 7
T 15 5 9
P 116 2 6
T 190 5 6
P 7 2 9
P 116 4 6
P 18 1 6
T 5 1 6
P 178 2 6
P 77 3 6
P 54 1 6
P 33 2 6
T 89 2 9
L 22 1 9
T 142 1 8
G 69 1 6
P 180 5 8
L 159 3 6
T 15 1 6
105 3
40 30 5
J 1 5 9
W 11 3 6
J 17 3 2
W 11 3 1
W 1 2 7
W 11 1 4
W 6 2 1
W 16 1 7
W 1 3 4
W 15 1 3
J 15 1 6
J 1 1 1
W 3 1 1
W 5 5 1
W 13 2 3
J 17 5 1
W 1 1 4
J 19 1 7
W 1 1 6
W 14 1 6
J 16 2 1
W 13 4 5
W 13 4 1
W 16 4 7
W 9 1 1
W 1 1 1
W 12 4 7
J 11 2 3
W 1 4 2
W 13 5 1
W 18 1 7
J 17 4 2
W 1 5 4
W 1 1 3
W 13 3 9
W 10 4 1
W 2 2 4
W 1 1 6
W 5 4 4
W 16 5 6
P 65 2 9
P 187 1 6
L 115 4 7
L 73 4 7
P 153 2 8
P 69 5 8
T 77 1 6
P 190 5 6
G 137 2 6
P 48 1 6
L 15 1 6
P 96 5 6
L 111 1 6
P 51 1 9
P 117 1 6
P 192 5 6
T 107 1 8
P 122 1 9
G 93 1 6
P 127 5 8
P 75 1 8
P 179 3 6
G 133 1 6
P 196 3 6
L 79 3 8
P 31 4 6
T 141 1 6
T 109 2 8
T 117 4 6
P 28 5 9
117 8
25 1
54 5
167 1
25 8
81 41 5
J 9 3 6
W 11 1 8
W 5 5 2
W 11 2 3
J 3 4 1
W 8 1 6
W 1 1 7
W 6 5 7
W 5 1 1
W 10 3 6
J 14 5 2
J 8 3 2
W 5 1 1
W 4 5 4
W 4 4 2
J 10 2 5
W 13 4 4
W 11 5 3
W 11 5 4
J 1 4 4
W 11 5 1
W 7 2 4
J 5 2 4
W 13 1 4
J 2 4 2
W 13 1 1
W 2 4 3
W 7 3 8
J 14 3 1
W 13 2 3
W 3 4 1
J 1 3 5
J 7 1 6
W 7 3 7
W 7 4 8
W 1 3 6
J 1 1 4
J 5 2 1
J 8 1 5
W 1 1 1
W 1 4 6
W 1 5 4
W 1 3 7
W 1 3 9
J 14 2 4
W 4 1 3
W 7 2 7
W 3 1 4
W 9 2 8
W 2 4 6
J 1 2 7
W 3 2 8
W 5 2 3
W 6 4 3
W 7 1 2
W 1 3 7
J 7 3 7
W 1 1 7
J 4 1 1
W 11 1 1
W 13 5 8
J 11 1 7
W 13 1 2
W 7 2 1
W 1 5 5
W 12 1 1
W 8 5 3
W 10 5 4
J 3 2 7
W 8 5 4
J 6 2 1
W 9 1 1
W 14 1 2
W 1 1 7
J 3 5 9
W 11 3 1
W 1 1 2
W 11 2 2
W 1 5 1
W 9 1 4
J 10 1 1
L 43 2 8
P 6 1 6
P 140 1 6
T 91 2 8
T 56 1 6
P 118 4 6
T 64 2 6
P 103 2 6
G 22 3 6
P 37 5 7
T 10 1 9
L 21 5 8
L 19 4 6
P 128 1 6
T 112 1 9
T 94 3 8
P 129 2 6
P 75 3 6
T 91 4 6
L 73 2 8
P 109 2 8
P 120 4 9
P 136 5 6
P 115 1 6
P 91 1 6
P 48 1 9
P 16 1 6
G 18 4 9
P 138 2 7
T 139 1 9
P 127 3 8
T 4 1 6
L 46 1 8
P 25 3 6
L 1 2 8
T 7 5 8
G 84 1 6
T 99 2 7
L 97 1 7
T 61 1 9
P 40 1 9
7 8
120 1
50 1
30 1
106 1
79 19 9
W 14 4 4
W 18 3 5
W 19 1 1
W 18 4 4
J 12 1 4
W 10 2 3
J 8 3 9
W 6 1 5
W 17 3 4
W 2 1 8
J 7 1 6
J 5 4 4
W 16 1 1
W 1 1 6
W 10 1 7
J 18 5 1
W 1 2 7
J 6 5 3
W 17 3 9
W 12 2 4
W 16 4 1
W 13 1 9
J 12 4 6
W 3 1 1
W 9 3 3
W 17 4 9
W 19 1 1
J 18 3 8
W 18 2 1
W 1 1 1
W 6 4 9
J 3 2 5
W 14 2 5
W 8 1 7
W 1 1 2
W 3 4 1
W 19 1 7
W 2 5 4
W 4 5 6
W 7 2 6
J 17 4 7
W 4 2 8
W 2 1 4
W 3 1 6
W 16 5 2
W 4 4 1
J 7 4 1
W 11 1 9
W 14 2 9
J 11 1 1
W 9 4 6
W 10 4 1
W 9 3 1
W 9 5 7
W 10 5 3
W 16 4 2
W 5 1 1
W 5 2 7
W 16 4 6
W 5 1 2
W 13 4 2
J 7 5 7
W 4 1 6
J 11 1 9
W 1 4 1
J 3 5 9
W 1 1 2
W 8 2 1
W 13 4 7
W 17 3 7
W 11 1 7
W 1 4 8
W 9 4 8
W 2 1 1
W 19 3 7
J 3 1 7
J 18 5 5
W 2 4 3
J 19 2 8
P 188 5 9
P 167 1 7
L 180 3 7
P 139 1 6
P 52 1 6
T 84 1 7
P 14 4 6
P 180 3 8
T 80 1 7
P 61 1 8
P 24 2 6
L 130 3 9
P 18 5 7
G 132 5 7
G 150 1 6
P 182 1 9
P 137 2 6
P 72 1 6
L 43 2 8
145 6
180 1
21 6
85 8
83 1
14 4
138 4
178 4
122 8
61 32 5
W 11 4 8
J 19 1 1
J 13 1 2
W 10 1 9
W 18 1 1
J 5 4 4
W 2 3 7
J 14 3 1
J 4 5 1
W 10 3 7
J 14 5 1
W 13 4 8
W 3 1 9
W 11 4 8
W 14 3 7
W 7 1 1
W 9 1 9
W 12 4 7
W 16 3 2
W 3 1 7
W 4 5 7
W 10 5 9
W 14 1 4
W 11 4 8
J 5 1 8
J 1 2 7
W 5 2 1
W 15 2 7
W 18 4 5
W 18 3 6
J 6 5 8
J 13 1 2
W 18 3 7
W 11 3 9
J 16 4 1
J 7 1 7
W 3 5 7
W 19 1 7
W 14 2 1
W 5 1 1
W 10 3 6
W 10 1 2
W 17 1 2
W 18 3 8
W 5 1 7
W 19 3 5
W 14 4 4
W 9 3 1
W 6 2 4
W 13 1 3
W 18 5 4
W 5 1 1
W 19 1 7
W 5 3 3
J 11 1 1
J 8 1 1
W 11 5 4
W 4 3 2
W 14 5 1
W 8 1 1
W 7 3 1
L 21 2 7
G 91 3 6
L 87 4 8
P 100 4 9
P 7 1 9
T 151 2 6
L 60 2 7
G 27 1 6
L 95 3 6
P 184 3 6
G 178 2 8
G 131 2 6
P 71 4 9
P 138 3 6
P 167 4 6
P 68 3 8
P 70 2 6
L 150 4 6
P 138 4 9
T 37 2 6
P 4 4 7
P 192 5 7
P 28 1 6
P 188 4 7
T 22 1 6
T 186 1 9
P 137 3 6
T 37 4 8
P 58 1 6
G 146 1 6
P 136 4 6
P 3 1 8
17 1
190 1
2 4
85 5
156 3
67 11 7
J 13 3 1
J 11 3 1
J 1 1 2
W 7 5 1
W 6 5 1
W 1 1 2
W 15 2 7
J 1 3 4
J 4 2 8
W 17 1 5
W 5 5 6
J 13 3 7
W 3 1 4
W 13 3 6
W 18 4 1
W 18 1 7
W 1 1 1
J 2 4 2
W 7 5 6
W 8 2 3
W 18 3 4
W 7 2 4
W 7 4 8
J 13 1 1
W 1 4 1
J 13 4 3
W 9 1 1
W 1 3 9
W 13 2 5
W 11 2 7
J 1 2 3
W 1 3 7
W 6 5 6
W 1 1 4
W 1 4 7
J 1 1 1
W 4 2 6
J 1 1 5
W 10 5 7
W 1 1 1
W 10 3 5
W 1 3 1
W 7 4 1
W 1 3 2
W 1 3 8
W 15 4 1
W 7 3 4
W 10 4 6
J 12 3 7
W 1 1 4
W 10 2 4
J 7 4 7
W 5 4 7
W 7 4 6
W 11 5 5
W 7 5 6
W 9 1 1
J 10 4 3
W 7 2 4
J 13 5 1
W 1 2 1
J 4 2 7
J 13 1 1
J 1 4 3
W 13 1 7
W 1 1 6
W 13 3 1
P 69 3 6
G 94 2 6
L 43 1 6
P 151 1 8
T 124 4 6
P 55 1 8
T 127 3 6
P 43 2 7
T 185 2 6
G 3 1 6
T 134 1 6
129 2
136 7
139 3
13 5
126 1
64 4
71 9
49 45 6
W 7 2 6
W 8 3 3
W 3 5 4
W 2 5 4
W 7 5 6
J 10 3 3
W 7 1 5
J 7 1 2
W 2 1 1
J 9 2 4
W 12 5 2
W 9 5 5
W 12 3 5
W 2 5 3
W 11 1 1
W 2 1 4
W 11 5 7
J 8 1 3
W 1 1 3
W 13 2 2
W 5 5 5
W 1 2 4
J 8 5 4
W 1 4 1
W 4 5 8
W 10 1 5
J 1 1 2
W 1 3 3
W 11 1 7
J 13 4 7
W 8 5 5
W 6 5 1
W 3 2 4
J 5 2 1
W 10 1 4
W 11 1 3
W 10 4 2
W 3 5 1
J 4 2 5
W 2 5 4
W 9 1 6
J 11 1 1
W 1 4 6
W 10 1 3
W 7 2 8
J 2 3 2
J 2 5 7
W 5 3 5
W 7 5 2
P 102 5 6
T 23 1 7
T 81 4 9
T 17 5 6
G 113 1 8
L 34 3 9
P 16 5 8
T 119 4 6
T 102 3 8
P 25 3 8
P 121 5 6
P 107 2 6
T 42 1 8
P 34 5 6
P 80 4 6
G 16 3 6
P 92 1 8
P 58 1 7
G 127 3 7
P 64 2 6
T 30 1 8
T 127 1 6
P 64 1 6
L 57 2 6
T 51 1 6
T 48 1 6
G 92 1 6
T 50 4 8
G 2 3 6
P 118 3 9
P 103 3 6
T 6 4 9
L 3 1 8
T 31 1 9
P 78 5 8
P 18 2 6
P 28 5 6
T 20 1 9
T 53 2 8
P 66 1 9
P 62 1 6
T 50 1 8
L 55 5 6
T 66 1 6
T 55 1 6
14 2
9 4
117 3
22 5
127 6
24 1
55 20 7
W 1 1 5
W 7 3 9
W 6 2 7
W 6 4 3
J 1 1 4
W 7 4 3
W 1 4 3
W 5 5 3
W 6 1 7
W 1 1 7
W 4 1 5
W 3 1 9
W 1 1 9
W 1 1 2
J 1 1 2
W 7 1 3
J 3 5 1
J 5 4 1
W 2 1 8
W 5 1 2
W 3 2 3
J 2 4 7
W 3 3 8
J 1 1 3
W 7 3 9
W 4 1 1
W 1 2 1
J 4 1 8
J 1 5 5
J 4 3 3
W 5 3 1
W 2 1 1
W 7 4 1
J 7 4 7
W 4 5 1
J 1 1 1
J 4 1 7
J 1 5 3
W 3 4 7
W 2 1 8
W 2 4 7
W 7 1 7
W 6 2 2
W 1 3 6
W 5 5 7
W 6 1 9
W 6 3 1
W 1 3 4
W 7 4 7
W 1 1 1
W 1 1 1
J 3 1 9
W 1 2 1
W 1 5 5
W 1 3 4
G 3 5 6
P 1 1 6
P 1 1 6
T 2 1 9
P 1 5 8
T 6 2 7
L 4 1 6
L 4 4 8
T 7 2 6
P 2 3 6
P 3 4 6
T 1 4 6
L 1 3 8
T 5 1 6
P 2 1 7
P 2 1 8
G 1 1 8
G 1 3 8
G 2 1 7
P 1 3 8
7 4
7 4
1 8
6 1
2 1
7 9
4 3
63 20 2
W 6 1 1
W 10 1 1
J 7 2 6
W 1 1 5
W 12 1 2
W 3 2 4
W 1 4 7
W 1 5 2
W 1 3 5
J 7 3 1
W 4 3 6
J 1 3 6
J 1 4 5
W 5 3 9
J 8 4 3
J 9 2 9
W 6 1 7
J 5 4 1
J 3 4 1
W 10 5 1
W 5 5 6
W 1 4 1
W 2 1 1
W 7 1 8
J 1 3 9
W 7 4 6
J 11 3 7
W 8 5 7
W 4 4 4
W 11 3 9
W 1 4 4
W 3 3 4
W 12 5 5
J 11 5 1
J 4 5 8
J 1 2 4
W 4 1 1
J 4 1 9
W 1 2 1
W 9 2 4
W 9 5 9
J 1 5 4
J 7 3 1
J 5 1 1
W 10 4 1
W 11 3 7
W 4 1 1
W 7 4 8
W 1 4 1
J 1 4 9
W 9 4 4
W 3 1 8
J 1 1 1
W 1 4 7
J 1 5 6
W 1 3 1
J 1 5 8
W 1 1 1
W 1 1 4
W 1 3 6
W 1 5 2
W 8 2 7
J 9 1 4
L 39 1 6
T 34 3 6
T 88 1 6
T 20 3 6
L 33 1 6
P 37 2 8
G 110 3 6
T 73 1 6
P 61 1 8
L 106 1 8
P 40 1 8
P 106 2 8
T 11 1 6
P 89 4 6
L 4 1 6
G 20 2 8
P 100 3 7
P 91 1 6
P 76 1 8
P 18 4 8
52 7
75 1
58 45 3
W 3 3 7
J 3 1 7
J 1 3 4
J 14 1 7
W 1 4 4
W 5 3 1
J 8 2 7
W 2 1 8
W 2 4 1
W 3 3 7
W 14 2 8
W 13 4 4
W 10 5 7
W 1 2 1
W 7 5 8
W 8 2 1
J 3 1 1
W 8 2 2
W 1 1 1
W 13 3 4
W 8 1 1
W 9 4 9
W 1 3 9
J 8 1 7
W 3 1 8
W 13 2 9
W 10 4 5
W 13 5 3
W 14 3 1
W 12 3 1
W 13 3 1
W 13 4 8
W 5 4 8
W 5 3 1
W 1 1 6
W 13 1 1
W 9 2 6
W 7 1 7
W 8 1 6
W 1 1 7
J 5 1 4
J 12 1 4
W 4 5 2
W 10 2 1
W 11 5 4
W 9 1 4
W 7 4 1
W 12 3 1
J 3 1 1
W 7 2 9
W 7 3 5
W 1 5 3
J 13 1 5
W 1 3 2
W 13 2 1
W 9 3 5
J 8 1 4
W 3 3 8
P 44 5 6
T 115 4 6
L 70 3 7
T 106 3 6
L 75 4 7
P 90 5 9
P 110 5 8
L 55 3 8
P 88 3 6
T 46 4 6
G 5 3 6
G 118 2 6
T 138 5 7
G 106 1 6
P 99 1 6
P 129 4 6
P 123 5 9
G 46 4 8
P 4 2 8
T 10 1 6
P 7 5 9
T 24 4 7
G 110 1 9
P 80 2 8
P 27 4 6
P 120 5 6
P 121 2 8
L 85 1 7
P 83 5 6
G 34 1 6
P 42 1 8
P 1 5 9
L 12 1 6
L 126 4 9
P 85 1 7
T 16 3 7
P 85 4 6
P 103 2 6
P 85 3 9
G 71 2 8
L 4 4 8
T 120 1 6
P 68 3 7
P 92 1 8
P 77 2 7
64 4
139 3
26 6
98 5 3
W 10 4 3
J 4 5 4
J 7 1 6
W 4 3 4
W 1 3 1
J 12 2 1
W 9 5 7
W 5 1 1
W 2 4 1
J 7 5 9
J 1 1 1
W 11 4 3
J 1 3 7
W 9 2 7
J 3 4 6
W 1 5 5
W 1 1 1
J 7 1 7
W 1 3 4
W 4 1 7
W 6 2 1
W 5 2 9
J 1 1 1
W 7 3 4
W 7 1 7
W 9 4 7
W 5 5 4
W 12 1 6
J 9 1 1
W 1 1 6
J 7 4 3
W 10 1 5
J 5 3 4
W 4 4 1
W 4 4 6
W 11 3 2
W 1 2 4
W 11 4 1
W 10 2 9
W 1 5 8
J 4 2 3
W 1 4 9
W 7 4 4
W 1 1 1
J 9 3 9
W 1 5 1
W 12 4 2
W 4 2 5
J 9 1 7
W 9 1 4
J 1 4 7
W 1 5 1
W 1 1 7
W 4 2 8
W 5 1 5
W 1 4 1
W 9 1 7
W 7 5 9
W 7 5 6
W 9 5 9
J 3 1 1
W 12 1 2
W 1 4 6
W 5 3 9
J 1 1 4
J 1 4 2
W 4 4 3
W 5 3 4
W 3 3 1
W 6 4 6
W 1 2 7
J 1 3 2
J 7 4 2
W 7 2 6
W 5 3 2
W 9 3 7
J 1 1 4
J 9 2 7
W 5 1 6
W 5 4 9
W 3 4 1
W 6 1 6
W 3 3 9
W 11 1 5
W 1 3 4
W 3 3 2
W 9 3 3
J 1 3 4
W 10 1 1
W 4 3 7
W 9 1 6
J 1 1 7
J 5 3 3
W 7 3 7
W 1 1 8
W 9 4 4
W 9 2 6
W 5 3 7
P 29 5 8
P 1 4 6
P 10 4 6
L 32 4 8
P 61 3 9
99 1
70 7
61 5
1 10 1
W 1 1 1
T 30 1 6
T 22 4 8
G 28 1 6
P 15 2 7
P 1 4 6
P 14 1 8
T 15 1 7
T 28 1 7
T 29 5 6
G 23 5 6
2 1
31 14 3
W 5 1 6
W 3 1 6
W 1 1 5
W 3 1 1
W 1 3 2
W 1 1 1
J 3 1 7
W 6 1 9
W 5 1 3
W 1 2 7
W 1 5 7
W 5 1 5
W 1 4 1
W 1 3 6
W 1 2 7
W 1 3 8
W 3 2 4
W 3 1 9
W 1 1 1
W 3 2 6
W 3 3 7
W 4 5 4
J 1 3 1
W 1 4 1
J 4 2 7
W 1 1 4
W 6 1 1
W 1 5 9
W 3 2 9
W 1 2 8
W 5 5 3
P 17 2 8
P 38 2 6
P 5 1 6
T 55 4 6
P 38 5 9
G 40 4 7
T 1 3 8
G 13 1 6
P 14 4 6
P 24 3 9
P 51 2 6
G 6 1 6
G 1 1 6
T 55 4 6
49 9
26 9
60 4
25 39 6
W 6 4 6
W 4 2 9
W 1 5 2
J 4 1 9
W 5 1 5
J 4 1 3
W 4 2 1
W 3 1 6
W 8 4 8
W 6 2 4
W 2 4 1
W 7 2 6
W 8 1 6
W 4 1 1
W 1 2 6
W 7 1 8
J 6 1 6
W 3 1 6
J 2 2 2
W 5 1 2
W 8 3 3
W 3 4 7
J 5 1 5
J 9 5 4
W 8 1 4
P 62 3 6
P 25 3 9
P 55 2 9
L 8 5 6
P 80 2 6
L 47 5 6
L 51 3 6
T 19 4 6
P 58 5 9
P 39 1 6
G 97 1 9
P 55 2 8
T 66 4 9
T 13 3 6
P 14 1 6
P 60 2 8
P 80 4 6
L 47 4 7
L 1 3 6
P 32 5 8
P 37 1 9
P 64 4 7
T 19 2 9
T 32 3 6
P 58 1 8
T 75 4 8
P 29 3 8
P 5 5 8
G 44 2 6
L 53 4 6
L 6 4 8
P 50 1 8
P 42 5 8
P 30 4 6
P 30 1 7
P 13 1 7
T 36 1 6
L 89 3 6
P 89 1 7
27 1
85 1
70 5
43 5
94 3
40 5
51 35 7
W 8 1 2
W 10 2 7
J 1 1 3
W 1 1 3
J 6 2 4
W 1 1 4
W 1 1 1
W 1 3 5
W 7 1 7
J 1 2 4
W 6 1 7
W 1 2 1
W 5 3 8
W 9 1 4
W 10 1 2
W 10 3 4
W 7 2 2
W 10 1 2
W 10 1 1
W 1 1 4
W 1 4 9
W 1 1 4
J 9 3 7
J 7 4 2
W 7 1 1
J 7 5 3
W 4 5 1
J 1 1 4
W 4 1 3
W 5 4 5
W 7 1 8
W 4 3 7
W 9 2 1
W 2 5 8
W 5 4 8
W 9 4 3
W 9 5 3
W 11 3 2
J 10 1 1
J 9 2 4
W 9 3 2
J 7 1 4
W 7 3 7
J 11 2 2
W 1 3 1
W 1 1 5
J 7 2 6
W 1 1 8
W 10 1 1
W 10 3 8
W 1 4 2
T 46 3 8
T 46 2 9
T 6 4 8
T 41 1 6
P 21 4 6
T 76 5 6
P 53 4 7
T 38 1 6
P 101 2 7
P 51 1 6
P 108 2 6
P 102 1 8
P 107 1 8
T 105 4 7
L 108 1 8
T 101 5 8
P 106 2 6
P 116 5 6
T 111 1 6
P 123 4 6
P 124 4 6
T 13 1 9
P 12 5 7
P 65 3 6
G 48 4 8
T 24 1 6
P 46 1 6
T 109 5 6
P 56 1 6
P 77 5 6
P 38 4 8
P 42 1 9
T 105 3 6
L 42 2 8
P 74 1 8
33 2
10 1
94 7
61 9
44 9
55 6
84 2
5 29 10
W 1 3 3
J 1 5 9
W 3 4 8
W 4 1 1
W 1 2 1
P 26 4 8
G 14 1 7
P 46 2 6
P 41 3 9
T 63 5 6
G 35 4 6
T 35 5 6
L 28 3 9
P 48 2 6
T 29 3 7
P 59 2 8
P 52 3 8
T 27 1 7
P 17 3 6
P 1 5 8
P 59 5 7
P 6 3 6
T 46 1 6
P 9 4 6
P 5 1 9
T 46 1 9
P 45 4 9
T 64 5 6
P 61 1 6
L 27 1 6
T 56 4 8
G 17 1 6
P 14 2 8
P 27 2 8
55 1
27 1
29 6
16 7
1 4
56 5
60 5
37 9
5 9
35 3
96 31 8
W 15 5 9
W 13 4 8
W 11 4 5
W 14 5 3
J 5 1 1
J 1 1 1
W 6 2 3
W 7 2 8
J 10 4 1
W 2 1 2
W 1 2 5
W 10 1 1
W 8 1 4
W 1 1 1
W 12 1 2
W 7 1 2
W 14 1 5
W 11 1 1
W 13 1 7
W 11 1 7
W 11 1 7
W 7 3 7
J 12 1 9
W 4 1 9
J 4 4 5
W 6 1 9
W 12 4 7
W 12 1 4
W 13 4 3
J 7 1 1
W 11 1 1
W 11 4 8
W 1 3 3
J 1 1 9
J 2 1 4
W 6 1 1
W 1 1 8
W 5 2 1
W 9 1 4
W 10 2 2
W 8 3 8
W 11 1 6
W 7 1 4
W 15 2 1
W 9 3 5
W 9 3 9
W 4 2 8
W 1 2 7
W 7 1 7
W 11 1 3
J 13 1 7
W 1 1 9
W 13 3 1
W 13 2 8
W 13 5 1
W 6 1 4
W 11 1 3
J 1 4 5
W 1 5 1
J 11 1 4
W 6 1 1
J 1 1 3
J 10 3 9
W 4 5 9
W 7 2 1
W 13 4 3
W 9 3 8
W 6 1 1
W 1 5 7
W 1 1 1
J 10 4 1
J 3 1 4
J 10 5 1
J 1 4 9
W 10 5 4
J 9 5 7
J 4 5 2
W 9 1 6
W 7 3 7
W 5 1 1
W 1 1 4
W 1 1 1
J 1 5 7
W 1 5 2
W 7 2 6
W 13 1 6
J 11 1 4
W 1 3 3
J 13 5 4
W 4 2 2
W 1 1 3
W 9 2 4
W 3 1 6
J 6 5 1
W 13 1 7
W 13 1 1
P 66 5 6
P 156 5 6
P 75 1 6
T 153 3 8
L 7 4 6
L 76 4 8
T 156 3 7
P 134 3 8
P 39 1 8
P 88 1 6
P 83 5 6
L 41 2 7
G 42 1 6
G 120 1 8
P 69 3 6
P 63 4 8
P 153 5 6
P 83 4 6
P 138 4 9
T 18 1 9
T 104 3 8
P 88 2 9
T 5 3 6
L 134 3 8
P 121 1 6
G 141 1 9
T 36 2 8
P 51 3 8
P 123 4 9
G 141 1 8
P 109 2 9
59 8
33 2
29 3
132 8
145 4
86 4
92 5
36 7
92 25 7
W 7 3 3
W 11 2 5
J 12 2 4
J 1 1 7
J 4 4 7
W 1 2 1
W 6 2 4
W 1 1 7
W 6 4 1
W 1 5 8
W 11 4 1
W 1 5 6
W 10 4 4
W 4 4 6
W 11 1 1
W 10 1 5
W 7 3 4
W 4 4 1
W 3 1 8
W 5 1 3
J 1 3 7
W 10 1 2
J 11 5 9
W 10 5 1
J 13 1 9
W 2 4 3
W 10 4 2
W 13 2 2
W 13 4 1
W 10 3 1
W 1 1 1
W 10 3 5
W 5 1 7
W 4 1 6
W 8 5 7
W 5 4 1
W 9 2 1
W 7 2 1
W 7 4 4
W 2 4 1
W 9 1 4
W 7 4 7
W 6 3 9
W 4 5 4
W 1 3 9
J 11 3 5
W 13 2 3
W 10 2 8
W 11 4 7
W 4 1 1
W 13 1 6
J 1 5 3
W 5 2 1
W 1 3 1
J 1 3 1
W 2 1 1
W 10 1 3
W 12 4 7
W 6 2 3
W 13 1 4
W 6 1 6
W 1 1 1
J 10 4 5
W 4 1 6
W 10 4 5
W 10 5 6
W 13 1 4
W 1 4 1
J 4 3 1
W 2 2 8
W 11 3 7
W 6 4 1
W 1 2 4
W 4 5 1
W 1 3 5
W 15 5 8
W 12 3 4
W 1 3 1
J 6 3 1
W 1 1 2
J 13 3 9
W 4 4 1
W 13 1 1
W 1 2 1
J 4 4 6
J 6 1 6
W 6 1 4
W 8 2 9
W 1 2 1
W 5 2 7
W 9 4 7
J 8 1 1
L 32 4 9
T 3 1 9
G 7 3 6
P 40 2 9
L 25 3 9
T 76 3 7
P 118 5 7
P 147 2 6
P 81 1 6
L 105 2 6
G 79 5 6
G 70 2 8
T 83 5 7
P 16 3 6
G 134 4 6
P 96 4 9
P 44 1 9
P 76 5 6
L 29 1 9
T 145 3 7
L 32 4 8
T 125 5 8
G 87 1 8
T 59 3 8
P 93 5 6
35 4
109 7
7 6
56 1
131 4
53 3
78 1
91 12 10
J 6 1 3
W 1 1 3
J 5 1 6
W 5 2 8
W 6 5 9
W 1 1 2
J 5 4 1
W 6 3 2
W 9 1 7
W 1 3 4
J 5 2 6
J 1 4 7
J 9 1 3
J 9 5 6
W 9 1 4
W 5 1 3
W 7 5 8
W 6 1 7
W 3 1 2
W 1 4 2
J 9 4 6
W 3 2 6
W 5 1 7
W 1 2 7
W 3 3 7
W 2 2 3
J 1 4 6
W 6 4 3
J 1 4 9
W 3 1 3
J 7 3 5
J 3 1 1
W 5 4 1
J 1 1 4
W 10 1 8
W 1 4 1
W 9 2 6
W 4 2 7
W 1 1 4
J 9 3 2
W 1 1 9
W 10 4 8
W 4 1 1
W 5 2 6
W 1 1 7
J 10 2 7
J 3 2 5
W 7 5 1
W 1 2 1
W 1 1 1
W 1 4 2
W 9 4 7
W 6 1 4
W 9 5 1
J 9 2 1
W 1 1 7
J 7 1 7
J 1 1 7
W 1 2 1
W 7 1 4
W 5 5 4
W 3 3 8
W 1 1 1
W 2 1 7
W 9 3 4
W 9 3 2
W 7 1 1
W 9 1 1
W 10 4 7
W 6 3 4
W 5 1 1
W 1 1 7
J 2 1 5
J 7 1 4
W 1 5 9
W 6 1 4
W 1 3 1
J 7 2 1
W 9 5 8
W 3 1 7
W 7 2 3
W 1 2 7
W 3 1 7
W 5 5 1
W 3 2 4
W 7 2 4
W 6 1 8
J 5 2 6
W 7 5 2
W 9 4 1
W 6 2 7
P 91 4 7
P 105 1 6
P 80 3 8
G 30 1 7
T 45 1 6
P 45 1 8
P 24 5 6
T 14 2 7
G 60 1 9
P 94 1 6
T 106 1 8
P 41 2 6
34 9
28 1
60 9
82 4
82 1
39 4
47 4
95 1
85 1
16 2
62 24 1
J 7 3 6
W 1 4 5
W 2 2 4
W 2 1 7
W 9 1 6
J 2 4 3
W 1 2 8
J 7 2 7
W 1 2 4
W 1 5 1
W 5 5 8
J 7 3 5
W 7 4 8
W 4 2 8
W 1 1 1
W 4 5 3
W 4 3 1
J 7 3 1
W 8 2 2
W 4 3 7
W 2 1 1
J 6 1 6
J 1 1 8
J 8 3 2
W 1 3 4
J 8 1 6
W 2 1 5
J 1 2 2
W 1 1 8
W 4 1 1
W 7 1 1
W 1 4 1
J 2 5 1
J 2 1 8
W 4 2 6
J 8 3 7
W 8 4 8
W 1 4 1
W 4 1 4
W 7 4 1
W 2 3 3
W 1 1 1
J 4 1 7
W 8 1 9
W 9 1 7
W 5 4 4
J 6 1 4
W 5 3 5
W 6 4 1
W 1 1 8
W 4 1 3
W 3 1 8
J 1 1 7
W 4 5 5
W 5 3 4
W 9 3 2
W 7 5 7
W 5 1 8
W 7 5 1
W 4 3 6
J 1 2 3
W 1 4 7
G 24 1 8
P 69 1 9
G 36 4 8
T 20 1 8
L 95 1 8
G 79 3 9
T 55 1 6
T 32 1 6
L 1 5 6
L 3 1 6
G 24 5 9
G 70 4 9
T 2 5 7
P 45 1 6
T 3 5 6
P 54 5 9
T 4 1 6
P 7 3 7
P 19 1 9
G 38 2 8
P 74 5 8
P 73 1 6
G 70 1 8
P 25 1 8
57 8
51 19 1
W 10 3 4
W 14 1 5
W 4 4 2
J 17 1 8
W 17 3 1
W 4 1 7
W 15 2 7
W 19 1 1
W 9 1 2
J 8 1 7
W 6 1 5
W 3 1 9
W 25 2 2
W 5 1 7
W 18 3 8
W 27 2 7
J 3 4 1
W 9 5 1
J 9 4 7
W 1 4 3
W 1 2 3
W 5 4 1
W 9 4 4
W 20 1 6
J 17 1 4
W 1 1 9
W 1 1 4
W 13 4 8
W 9 2 7
W 14 4 5
J 5 2 1
W 17 2 7
W 25 3 1
W 1 1 4
W 17 1 8
W 21 5 7
W 21 1 7
J 25 3 8
W 2 4 4
J 15 1 2
W 25 2 4
W 28 1 6
W 5 3 8
W 7 1 4
W 6 1 1
W 25 5 6
W 18 1 4
J 1 4 1
W 6 5 2
W 4 1 1
W 21 2 4
P 82 1 8
P 151 5 8
P 226 5 9
P 76 4 8
P 142 5 6
T 116 2 8
T 191 5 9
T 191 2 6
P 277 1 6
P 89 5 9
P 38 4 9
L 46 5 8
P 216 1 8
P 183 3 6
T 6 4 8
L 67 1 6
T 221 4 6
T 259 4 6
P 37 1 7
131 4
49 7 7
W 7 2 1
J 8 1 4
W 13 4 8
J 7 3 1
W 10 1 2
W 4 3 7
W 4 2 3
W 7 3 7
J 15 1 1
W 11 2 2
W 6 1 1
W 6 3 3
J 1 5 3
W 15 1 4
W 1 5 9
W 7 3 1
W 7 2 4
W 11 1 9
J 7 3 7
J 10 2 4
W 1 4 5
J 13 5 4
W 15 1 6
W 9 2 1
J 6 4 1
W 1 2 8
W 15 4 9
W 10 5 8
W 4 5 6
J 6 5 9
J 6 4 1
W 6 1 8
W 10 1 7
W 1 5 1
W 6 1 4
W 1 3 1
W 3 5 1
J 4 3 1
W 4 1 3
W 1 5 7
W 14 1 1
J 1 2 7
W 1 5 6
J 2 2 8
W 8 4 4
W 6 1 2
W 1 2 1
J 13 2 2
W 1 1 1
P 90 3 8
L 59 1 6
P 99 2 9
P 40 3 7
P 30 3 8
P 133 2 6
T 126 1 8
8 7
143 7
78 9
126 2
80 1
70 3
124 7
72 35 1
W 13 5 8
W 13 2 9
W 5 5 2
W 11 1 8
W 10 1 4
W 16 1 4
J 11 3 4
J 6 1 6
J 7 1 1
J 1 2 4
W 16 1 7
W 12 3 7
W 2 5 1
W 1 5 2
W 3 4 2
W 9 1 5
W 10 5 7
W 10 5 3
W 7 2 8
J 1 3 4
W 1 1 6
W 3 3 4
W 11 3 3
W 15 4 3
W 11 3 1
W 1 5 4
W 7 1 6
W 13 4 1
J 10 1 9
W 11 2 1
W 15 1 3
W 2 1 4
J 12 4 3
J 11 2 5
W 4 3 1
W 1 4 9
W 3 1 9
W 10 3 7
W 13 1 1
J 1 5 4
W 1 4 9
J 15 5 8
W 3 1 7
W 1 1 4
J 9 3 1
W 17 4 1
W 4 4 2
J 8 1 1
W 18 5 6
W 3 5 8
W 5 1 1
W 12 2 4
W 16 1 1
W 1 4 6
W 13 5 2
W 7 5 7
W 3 1 4
J 10 3 2
W 13 2 4
W 10 1 4
W 12 1 5
W 7 5 1
J 2 2 4
J 10 2 1
W 4 4 8
W 16 2 4
W 1 4 1
J 9 3 5
W 1 2 9
W 1 3 1
W 13 2 9
W 13 4 4
L 104 1 8
T 98 5 6
T 6 5 7
P 141 1 6
L 76 5 8
P 131 2 7
T 1 2 7
P 81 3 9
P 126 3 8
L 56 4 6
T 149 1 9
P 16 4 8
P 93 1 6
L 93 4 9
P 136 1 6
T 21 4 6
P 21 1 6
P 165 1 6
P 11 2 8
T 75 4 7
P 149 5 6
L 115 1 8
G 101 1 7
P 101 4 6
P 153 1 6
L 43 5 6
G 16 4 6
P 97 4 8
P 142 3 6
G 174 1 6
L 34 4 8
T 145 2 7
G 54 1 8
L 51 4 6
P 29 4 7
89 1
67 24 1
J 1 5 7
J 1 4 9
W 1 4 9
W 1 3 7
W 1 4 5
W 1 3 3
W 1 1 1
W 1 5 1
J 1 3 4
W 1 1 5
J 1 1 8
J 1 1 7
W 1 1 1
W 1 5 8
W 1 5 2
J 1 3 1
J 1 4 4
W 1 3 4
W 1 3 4
W 1 4 1
W 1 5 7
W 1 3 8
W 1 5 2
W 1 5 7
W 1 3 7
W 1 1 5
W 1 4 1
W 1 1 3
J 1 3 2
W 1 3 1
J 1 1 7
W 1 5 7
W 1 4 6
W 1 1 2
W 1 1 9
J 1 2 2
J 1 5 4
W 1 1 1
W 1 3 7
J 1 1 5
J 1 1 7
W 1 1 2
J 1 1 4
J 1 5 4
W 1 2 2
W 1 2 1
W 1 1 9
W 1 1 5
W 1 5 7
W 1 3 9
J 1 1 2
J 1 1 4
J 1 5 1
W 1 3 1
W 1 1 9
W 1 2 2
W 1 4 5
W 1 1 5
W 1 4 1
W 1 1 5
W 1 1 7
W 1 2 7
J 1 1 5
W 1 1 4
W 1 2 1
W 1 1 7
W 1 1 4
P 1 2 8
P 1 3 6
G 1 1 6
T 1 1 6
P 1 5 8
L 1 1 6
L 1 2 6
P 1 4 8
G 1 1 6
L 1 1 8
L 1 1 6
P 1 2 6
P 1 3 6
P 1 5 8
L 1 5 9
T 1 4 8
P 1 4 6
T 1 1 8
P 1 5 8
P 1 5 6
P 1 4 6
T 1 3 7
G 1 3 6
T 1 1 6
1 4
57 5 7
W 3 1 3
W 3 3 3
W 3 5 4
J 1 3 5
J 1 1 1
J 1 5 1
J 3 1 8
J 1 1 1
W 4 1 4
W 1 5 4
W 1 2 8
W 1 1 1
W 1 1 4
W 1 1 4
W 1 2 8
J 1 2 5
W 3 2 2
W 1 2 1
W 2 3 8
J 4 5 9
J 1 1 5
W 4 4 7
W 1 4 4
W 1 2 1
J 4 5 1
W 4 1 4
J 3 2 1
J 3 5 3
W 1 3 4
W 3 5 2
W 3 3 4
W 3 1 1
J 4 1 1
W 1 1 1
J 1 2 1
J 1 1 9
J 2 3 4
W 1 1 1
W 1 1 1
W 3 3 1
W 2 1 2
W 2 1 4
W 3 1 7
W 4 2 1
W 1 2 1
W 3 4 1
W 3 1 3
W 1 3 1
J 1 5 8
W 1 1 5
W 3 2 7
W 1 1 5
W 3 1 4
W 1 1 1
W 3 2 7
J 1 1 1
W 1 1 1
P 39 1 6
P 22 2 8
P 38 1 6
T 6 1 8
P 49 1 8
38 1
44 9
1 8
40 5
38 4
8 4
32 7
75 41 5
J 21 2 3
W 9 1 5
W 11 2 6
J 1 5 1
W 19 4 9
W 5 3 1
W 7 2 3
W 7 1 2
W 18 3 1
J 22 5 2
J 15 3 1
W 16 1 5
W 26 2 8
W 18 1 7
J 13 1 1
W 4 2 2
J 15 2 8
W 11 4 2
W 3 2 2
W 7 3 4
W 11 2 2
J 21 3 9
W 14 1 7
W 10 5 1
W 5 2 2
J 15 2 1
J 25 1 1
J 11 1 8
J 6 1 3
W 13 1 5
W 27 3 4
W 10 4 1
J 3 2 7
W 20 3 6
J 27 5 9
W 20 5 1
J 12 1 5
W 16 4 3
W 4 4 9
W 10 3 7
W 15 5 3
J 18 2 4
W 18 3 4
W 16 3 9
W 25 2 1
J 6 4 1
W 10 4 9
W 10 1 9
W 1 4 1
W 5 5 8
W 16 1 1
W 14 3 4
W 1 1 2
W 14 4 7
W 1 1 6
W 16 4 4
J 12 2 1
J 19 4 6
W 27 1 2
W 17 5 4
J 25 1 4
W 18 2 7
W 10 1 2
W 13 2 6
W 9 2 5
W 25 3 1
W 21 1 7
W 1 5 7
W 16 1 2
W 16 1 4
W 10 2 8
W 19 1 3
W 19 4 3
J 6 3 8
W 23 1 1
P 207 1 6
L 95 4 6
G 55 2 8
P 103 4 7
T 260 1 8
P 180 2 6
P 219 3 8
P 202 1 7
P 197 4 6
P 88 3 6
T 190 1 8
G 15 2 6
P 189 5 8
T 159 1 6
L 126 5 6
P 78 1 6
G 221 5 6
L 241 1 6
P 123 5 6
P 95 1 8
P 88 1 6
T 112 1 9
P 210 1 6
P 209 5 6
P 249 5 6
P 107 4 8
T 54 5 7
P 195 2 8
G 37 3 6
P 111 4 6
L 207 1 8
L 95 3 6
P 128 5 6
L 152 5 8
P 52 5 6
T 91 4 6
G 227 1 7
L 200 4 6
T 68 5 8
L 27 1 6
L 75 5 6
17 4
176 1
115 2
106 2
211 7
97 15 8
J 5 4 1
W 7 1 7
W 2 1 5
W 9 1 1
W 8 1 1
W 15 1 6
W 2 1 7
W 3 1 4
W 13 2 4
J 8 3 7
W 1 4 9
W 3 1 1
J 11 2 4
W 8 5 7
W 7 5 1
W 12 1 3
W 6 3 6
W 13 3 2
J 4 1 3
W 17 3 3
W 16 2 8
W 9 1 4
W 12 2 8
W 11 2 1
W 16 4 1
W 1 1 1
W 15 2 9
W 16 5 1
J 9 1 7
J 17 1 2
J 13 5 1
W 5 1 1
W 13 1 4
W 17 1 1
W 15 3 1
W 4 1 4
W 8 3 1
W 16 1 1
J 15 5 1
W 15 4 1
W 1 1 7
W 6 3 1
W 13 2 1
J 8 2 5
W 17 5 3
J 8 1 7
W 8 2 1
W 3 4 3
J 14 1 1
J 8 3 8
W 13 3 8
J 7 2 1
W 8 5 6
W 9 5 1
W 6 4 9
W 1 1 9
W 16 1 6
W 8 4 4
W 14 4 1
W 5 5 6
W 2 1 1
W 16 4 1
J 3 1 8
W 10 1 1
J 12 2 4
W 13 2 1
W 3 3 5
J 15 2 1
W 14 1 1
J 17 2 4
W 8 1 6
W 2 3 3
W 13 5 8
J 9 1 8
W 4 1 7
W 10 1 7
W 1 1 4
W 14 5 4
W 11 5 1
W 1 2 7
W 9 2 7
J 14 1 4
W 17 2 1
W 7 5 1
W 2 1 1
J 11 2 4
W 17 1 7
W 6 1 4
W 1 1 3
W 12 4 1
W 13 3 8
W 1 3 1
W 8 3 7
J 3 4 1
W 10 1 7
W 1 2 1
W 4 3 1
T 1 1 6
G 11 3 6
T 1 2 6
P 72 3 8
T 29 1 6
P 31 3 8
P 59 1 6
P 79 1 6
P 3 4 6
T 69 1 6
P 156 4 6
T 151 5 6
P 36 1 6
G 51 1 6
T 51 3 9
121 4
47 7
107 1
137 1
51 3
64 1
37 7
77 8
97 35 9
W 18 1 4
W 9 4 5
W 2 3 6
W 4 1 5
W 18 1 9
J 15 3 4
J 23 2 9
J 7 2 4
W 7 1 1
W 13 1 9
W 12 1 4
W 14 3 1
J 5 1 1
W 1 1 1
W 22 1 1
W 22 3 9
J 3 1 7
J 6 3 1
W 18 4 2
W 9 5 5
W 22 4 1
W 2 1 1
W 3 3 1
W 17 1 5
W 20 1 9
W 19 5 6
W 7 1 1
W 4 2 1
W 1 5 4
J 22 3 5
W 16 3 6
W 20 5 2
J 2 5 1
W 9 4 4
W 20 2 1
W 3 1 8
J 10 5 2
J 7 4 7
W 22 4 1
W 7 1 1
W 2 4 8
W 8 5 1
W 7 2 4
J 3 1 8
W 19 3 7
J 12 4 8
W 1 3 4
W 3 2 5
W 8 1 4
W 14 3 1
W 15 2 1
J 3 1 1
W 9 1 5
W 22 1 1
J 11 1 1
W 22 4 2
W 16 1 4
W 2 4 4
J 8 1 1
W 17 4 2
W 19 1 5
J 8 1 7
W 14 2 7
W 8 3 8
J 16 3 5
W 2 3 1
W 3 2 1
W 6 1 8
W 17 4 9
W 12 5 9
W 13 2 1
W 22 3 8
W 11 2 8
W 9 4 9
W 12 4 1
W 5 4 3
W 17 1 3
J 1 4 4
J 2 1 2
W 14 4 2
W 1 2 3
W 16 4 1
W 19 4 6
W 22 5 7
W 11 1 2
W 22 5 7
W 10 1 1
W 11 4 7
J 18 2 3
W 5 4 7
W 22 1 1
J 17 4 1
W 19 4 2
W 1 4 7
W 6 5 1
W 1 1 5
W 10 1 6
P 78 4 8
P 180 2 8
P 85 1 8
L 202 1 6
T 199 1 6
L 1 3 8
P 146 2 8
P 211 5 6
P 184 1 6
L 116 3 6
L 97 4 6
P 106 3 6
P 199 1 6
G 7 3 8
L 106 2 7
P 187 1 8
G 211 5 8
L 161 1 7
T 154 1 6
G 67 4 6
G 202 4 6
T 120 1 6
P 65 4 8
T 1 5 8
P 217 1 6
G 90 2 6
P 118 2 6
P 43 1 8
T 37 1 6
T 142 1 8
T 135 5 9
P 94 1 6
P 101 5 6
P 104 1 6
G 17 2 6
176 4
208 7
136 4
121 2
190 4
112 1
70 8
225 7
235 6
40 21 4
W 1 1 4
W 1 3 5
W 1 1 6
W 1 4 4
W 1 3 7
W 1 1 8
W 1 1 9
W 1 3 9
W 1 1 7
W 1 3 5
W 1 3 7
W 1 2 8
W 1 3 1
W 1 5 1
J 1 1 1
W 1 1 9
W 1 1 2
W 1 1 1
W 1 5 6
W 1 5 6
J 1 3 1
W 1 1 7
W 1 5 4
J 1 3 5
J 1 2 6
J 1 4 6
W 1 2 1
W 1 5 6
W 1 1 2
J 1 4 5
J 1 2 4
J 1 1 4
W 1 1 5
W 1 4 5
W 1 1 2
W 1 2 9
W 1 2 9
W 1 4 7
W 1 2 4
W 1 5 6
P 5 3 6
P 1 4 8
T 6 4 6
T 9 1 6
L 1 1 6
P 7 2 8
P 8 2 6
G 12 1 6
P 2 1 8
T 7 3 6
T 1 1 7
T 5 1 8
P 13 4 7
P 2 5 6
P 4 3 8
T 7 1 6
P 1 4 6
G 13 3 9
L 1 1 6
T 3 3 8
P 6 1 6
12 6
13 5
7 1
6 8
35 34 5
W 4 4 4
W 4 2 9
W 7 5 3
W 1 1 1
W 1 5 1
W 6 3 1
W 1 5 7
W 7 2 4
W 1 1 3
W 7 2 4
W 1 4 5
W 4 1 3
W 4 2 4
J 8 1 1
W 3 5 8
W 9 1 1
W 6 1 4
J 5 4 8
W 4 4 4
J 5 1 4
W 1 1 7
W 1 1 1
W 2 1 4
W 5 2 4
W 1 2 4
W 1 3 4
J 1 2 1
W 7 1 4
W 6 1 9
W 7 2 1
W 8 3 1
W 7 2 3
J 1 1 8
J 2 1 2
W 5 3 1
P 1 2 6
P 1 5 7
L 7 4 8
P 1 4 6
T 7 2 6
T 1 4 6
L 6 2 8
P 1 4 6
P 2 4 6
P 1 1 6
T 1 3 7
T 7 5 9
P 8 1 7
T 3 5 6
P 4 1 6
T 2 3 8
G 3 5 6
L 1 5 7
P 3 2 6
T 6 3 8
P 2 1 8
P 3 3 6
P 4 2 6
P 8 2 6
P 2 4 6
L 1 3 6
P 7 1 6
T 7 1 8
P 4 1 7
G 3 1 6
T 9 1 9
L 1 1 9
P 2 2 6
T 4 1 7
1 8
7 8
2 4
1 7
3 9
98 5 10
J 1 2 6
J 4 2 9
J 1 3 1
W 2 4 3
W 1 4 9
W 1 4 3
W 1 3 4
W 4 5 4
W 2 1 9
W 2 2 7
W 1 4 4
J 2 1 4
J 1 1 1
J 1 1 2
W 1 3 9
W 3 1 9
W 1 1 9
W 1 5 4
J 1 2 1
W 1 1 1
W 1 5 2
W 2 3 4
W 1 3 3
W 1 5 1
J 3 1 1
W 3 4 1
J 2 5 1
J 1 4 3
W 3 1 7
J 4 3 7
J 1 2 7
W 4 1 5
J 3 1 1
W 3 3 8
J 1 5 2
W 3 5 1
W 1 2 1
W 1 5 5
J 4 4 8
J 2 2 1
J 1 2 1
J 4 2 3
W 1 2 2
W 2 1 5
W 3 1 1
J 1 2 7
J 4 1 3
W 1 5 3
W 1 3 8
W 2 3 2
W 1 2 1
W 3 1 8
W 1 1 1
W 2 3 4
W 1 5 1
J 3 4 2
W 3 1 5
W 3 2 8
W 1 1 3
W 1 3 6
W 1 1 9
J 1 3 2
W 3 4 7
W 1 5 1
J 2 1 1
W 2 2 1
W 2 1 4
W 3 1 4
J 3 3 3
J 3 3 1
W 4 5 3
W 1 1 8
W 1 4 4
W 3 1 1
W 4 3 3
W 2 1 1
W 1 1 9
J 2 1 7
W 1 2 4
W 1 4 5
W 1 1 3
J 1 4 3
W 1 5 1
W 1 5 6
J 2 5 9
J 1 1 1
W 1 3 4
W 2 3 7
J 2 1 3
J 4 2 5
W 4 3 6
W 1 1 7
W 4 2 1
W 3 4 1
J 1 5 1
W 3 4 7
J 2 2 7
J 1 4 6
P 14 1 6
P 8 1 8
L 25 4 6
P 25 3 8
L 1 2 8
13 2
1 1
13 2
42 1
24 2
22 1
31 5
9 1
23 4
25 1
81 15 5
W 5 1 1
W 1 4 9
W 1 1 1
W 5 3 6
W 3 2 3
W 1 4 8
W 4 1 6
W 3 4 1
W 3 1 3
W 1 2 2
W 1 1 4
W 5 5 5
W 3 1 8
W 5 1 9
W 2 2 7
W 1 3 4
W 1 1 9
J 1 5 4
W 5 5 1
J 3 5 1
W 5 5 7
W 5 3 1
W 5 1 4
W 1 4 7
W 1 5 3
W 5 2 7
W 1 1 5
W 4 2 8
J 2 1 3
W 1 1 2
J 3 5 4
J 3 2 2
W 1 4 6
J 2 4 6
W 5 1 4
W 2 1 1
W 1 1 4
J 1 4 9
J 2 5 1
W 5 2 9
W 3 1 8
J 1 3 6
W 2 4 9
J 1 1 1
J 5 2 4
W 3 4 4
J 4 1 8
W 2 4 6
W 5 4 6
W 2 2 5
W 2 5 2
J 2 3 1
W 1 2 1
W 1 3 2
W 1 4 2
W 1 1 1
W 2 4 4
W 4 1 1
W 2 5 8
W 1 4 5
W 1 2 1
W 4 1 7
W 1 3 4
J 2 5 7
W 5 1 3
W 3 2 1
W 3 1 8
W 1 1 8
J 4 3 4
J 3 4 2
J 5 5 7
W 3 2 1
W 5 4 6
J 2 1 9
J 2 1 3
W 2 1 3
W 4 1 2
W 2 2 4
W 3 5 1
W 1 3 4
W 2 5 1
P 4 2 7
P 1 3 6
L 1 5 6
P 1 5 6
L 1 2 8
P 5 1 8
G 2 5 6
P 4 2 6
T 3 4 9
P 5 4 6
T 1 5 6
T 4 1 6
P 1 1 6
T 2 3 6
P 3 4 6
3 4
4 1
1 1
2 7
3 9
5 19 1
J 12 4 2
W 5 1 7
J 1 1 4
W 9 1 1
W 1 5 2
P 1 1 6
P 50 5 9
P 68 5 8
G 15 5 7
T 22 1 6
T 23 3 7
T 56 5 9
T 53 5 6
L 24 3 6
P 7 1 7
G 117 3 6
T 65 4 6
P 46 2 9
P 104 1 6
G 58 5 9
T 66 4 6
L 139 5 8
L 56 3 6
P 9 1 9
133 1
21 45 6
J 19 2 7
J 9 1 1
W 14 1 1
J 6 1 7
W 13 5 9
W 1 4 1
W 1 4 8
W 23 1 3
W 1 1 8
W 14 5 3
W 17 1 7
W 15 1 5
W 7 1 4
J 6 5 1
W 25 1 7
J 1 1 2
W 19 1 7
J 16 2 9
W 7 2 2
W 25 2 1
W 11 1 4
T 25 1 6
T 15 3 6
P 178 1 6
G 242 1 6
G 195 5 6
P 258 2 9
L 37 3 6
T 163 5 6
T 243 1 8
P 58 4 8
P 1 1 9
L 223 1 6
T 43 5 6
G 39 1 6
T 112 3 7
P 92 1 8
T 27 1 6
P 201 1 6
P 37 2 6
P 66 3 8
G 176 3 6
G 182 3 6
G 40 4 9
P 124 1 6
P 41 1 6
T 146 1 6
P 12 4 6
T 171 1 6
P 262 4 6
L 124 2 6
T 91 4 6
T 105 2 9
P 191 1 6
P 245 2 8
P 245 3 6
P 160 1 8
G 106 2 8
P 161 1 8
P 118 4 9
T 105 1 6
G 91 1 6
T 1 2 6
L 185 1 8
T 1 1 8
T 247 5 6
105 4
186 1
96 4
124 5
151 5
117 8
79 9 5
W 25 1 4
W 27 5 9
W 12 2 7
W 12 3 6
W 23 3 9
W 2 1 3
W 13 4 1
W 22 5 5
W 26 2 5
J 18 4 6
J 7 1 1
W 27 1 7
W 14 1 1
W 2 1 8
W 27 1 1
W 22 3 3
W 16 1 7
J 27 1 4
W 25 3 6
W 22 5 6
J 7 3 9
W 16 1 4
J 24 3 1
W 16 1 8
W 8 1 8
W 1 1 9
W 9 5 7
W 14 5 4
W 16 4 1
W 29 5 5
W 28 2 5
J 13 2 5
W 3 4 3
W 18 1 4
J 16 1 4
W 23 3 7
W 12 1 4
W 11 1 9
W 22 3 1
W 14 1 1
W 28 1 2
W 28 3 6
W 1 1 9
W 5 5 1
W 25 3 4
W 23 5 1
W 19 3 4
W 7 2 8
W 29 1 1
W 23 3 5
W 11 1 1
W 19 3 3
W 20 4 6
W 21 1 1
J 28 3 4
W 12 1 8
W 14 1 7
W 20 3 7
W 9 3 7
J 28 1 7
W 4 1 2
W 19 1 4
W 6 5 1
J 16 4 4
W 28 4 1
W 15 1 4
W 28 2 1
W 17 5 3
J 3 2 1
W 28 1 1
W 15 1 7
J 1 2 4
W 25 1 4
W 8 1 2
W 1 3 7
J 29 3 7
W 19 2 7
W 22 1 4
J 19 3 8
P 227 1 9
T 227 5 6
T 257 2 6
T 146 5 6
L 190 1 9
P 177 1 6
P 1 3 8
P 237 1 6
P 93 2 9
142 4
20 8
143 5
160 7
159 5
81 43 1
W 20 5 7
W 17 1 1
W 21 1 5
W 21 1 7
J 20 1 2
W 1 2 5
W 23 1 4
W 13 5 1
J 21 5 4
W 17 1 1
W 27 3 1
W 26 3 1
J 8 1 4
W 1 3 1
W 1 3 9
W 21 2 4
W 22 5 1
J 26 3 7
W 8 1 4
W 19 3 3
W 15 4 9
W 25 5 8
J 15 1 8
W 22 1 4
W 27 1 8
W 1 2 1
J 11 1 4
W 9 1 1
W 1 5 8
W 4 5 7
W 15 3 3
W 21 1 7
W 21 2 7
W 16 5 1
W 20 3 1
W 1 2 7
W 8 1 2
W 5 3 8
J 1 2 5
W 9 1 5
W 17 2 1
W 6 3 5
J 11 3 1
J 25 1 1
W 19 1 1
W 17 2 1
W 17 3 9
W 1 5 4
W 23 1 9
W 15 3 5
W 6 4 1
W 11 4 5
J 4 1 4
W 10 5 1
W 7 5 4
W 23 1 7
J 9 1 3
W 9 4 1
W 24 4 1
W 24 1 8
W 27 5 3
W 17 4 9
W 13 5 8
W 11 4 7
J 3 1 2
W 7 2 1
W 27 1 8
W 1 4 2
J 13 5 1
W 25 5 4
W 17 1 9
W 10 2 9
W 13 1 5
W 10 2 5
W 7 1 1
J 11 1 7
W 26 5 1
W 18 1 2
W 5 1 3
W 6 1 7
W 27 1 5
G 61 3 6
G 107 2 7
T 60 2 6
P 9 1 9
T 32 1 8
L 22 4 7
P 80 1 8
P 277 1 7
P 281 4 6
G 82 1 6
P 72 1 6
L 231 2 6
G 21 3 7
P 118 2 6
P 39 2 9
P 74 1 6
P 164 1 6
P 195 4 8
L 109 1 8
G 84 1 6
G 212 5 6
P 225 1 6
P 80 1 7
P 138 5 9
L 198 1 8
T 89 1 6
P 160 2 6
L 213 3 8
T 179 1 8
P 28 1 6
P 248 3 8
T 34 1 6
L 126 1 6
T 201 1 8
G 18 1 6
P 126 1 8
P 64 3 6
P 65 1 6
T 1 1 6
T 261 2 6
P 62 3 8
T 53 3 7
L 239 3 6
161 8
