11 7 100
W 1 5 1
W 1 3 2
W 1 3 3
W 1 3 4
W 1 3 5
W 1 1 1
W 1 1 2
W 1 1 3
W 1 2 1
W 1 2 2
W 1 4 1
T 1 3 9
L 1 1 9
L 1 2 9
T 1 4 9
T 1 5 9
T 1 3 9
T 2 3 9
3 6
1 8
5 9
4 4
5 8
1 9
3 8
2 8
3 8
2 4
5 1
4 6
3 5
2 7
1 9
2 3
4 3
3 7
5 9
5 8
2 3
4 3
5 7
2 4
4 3
5 6
3 2
5 4
2 3
4 8
1 5
3 6
2 1
3 5
4 5
1 6
5 6
1 8
2 4
4 4
4 1
5 1
1 1
2 8
4 9
5 7
4 3
4 3
3 9
2 7
1 1
4 5
1 7
2 1
2 3
1 9
3 6
5 7
4 3
3 4
1 2
2 9
3 9
5 4
3 9
1 9
5 4
1 8
2 4
3 8
3 5
4 7
5 6
4 8
4 3
2 6
1 3
4 7
2 1
1 7
5 5
3 4
4 3
2 2
1 3
2 5
1 6
2 7
5 7
5 4
5 2
5 9
4 4
4 7
3 2
4 3
4 7
2 6
3 1
5 8