10
5 8 1
J 5 1 3
W 5 1 1
J 7 1 6
W 1 1 5
W 3 1 1
G 31 1 6
P 48 4 6
P 105 4 6
P 31 2 6
P 17 1 8
P 121 5 8
T 50 2 6
T 76 4 6
73 7
1 7 1
W 1 1 1
P 232 2 7
P 136 5 6
P 77 1 6
P 37 2 8
P 169 1 6
P 71 1 6
P 85 1 8
43 6
5 7 1
W 2 5 1
W 3 2 2
J 1 2 9
W 3 1 1
J 1 4 2
P 1 5 9
P 37 1 6
P 16 1 6
T 29 2 6
P 22 2 6
P 16 4 9
T 24 3 8
21 7
6 6 1
W 14 2 1
W 13 5 9
W 9 3 5
W 5 1 7
W 3 5 7
W 7 3 1
T 81 3 8
L 127 1 8
P 123 1 7
T 43 1 8
P 10 2 8
G 61 1 6
85 1
5 6 1
J 6 4 7
W 5 3 1
W 5 1 5
W 1 3 7
W 1 1 6
T 57 4 6
L 52 2 9
P 18 4 9
T 9 1 6
G 9 1 6
L 25 3 9
2 4
1 5 1
J 19 2 2
P 105 1 7
P 240 1 9
L 26 2 6
T 221 2 6
G 132 1 6
86 8
9 8 1
J 1 2 7
W 1 2 4
W 1 5 1
W 1 1 1
W 1 3 1
W 1 2 3
W 1 4 7
W 1 2 7
W 1 5 5
P 4 5 8
G 13 5 9
G 11 1 6
G 2 3 6
T 14 1 7
T 13 1 7
T 1 3 6
P 10 1 9
7 3
7 6 1
W 2 3 5
W 2 1 1
W 1 3 3
W 3 1 4
W 5 5 8
W 5 5 8
J 5 5 1
T 48 1 6
P 12 3 8
P 46 1 7
L 36 1 6
P 12 5 6
T 39 4 6
23 1
7 5 1
W 14 1 1
J 13 3 6
W 3 1 4
W 10 5 3
W 3 1 2
W 4 1 1
J 7 3 8
T 136 1 6
P 137 2 6
P 127 4 7
T 120 5 6
T 42 1 8
56 4
8 7 1
W 1 3 1
J 1 5 1
W 1 2 6
W 1 3 6
W 1 5 3
W 1 5 7
W 1 2 1
W 1 4 2
T 2 5 8
P 7 1 6
T 4 5 6
P 1 4 8
T 3 4 8
P 6 3 6
T 5 4 6
3 7
