59
2 37 9
W 109 4 4
W 31 1 7
P 15 5 8
T 83 1 6
P 78 2 8
T 1 5 6
T 147 3 7
P 148 1 6
P 152 1 9
T 105 1 9
P 12 2 8
L 71 1 6
T 101 1 8
T 70 3 8
L 24 5 8
P 5 1 7
G 67 2 7
P 91 1 6
P 79 4 9
P 133 5 6
G 110 3 7
T 92 4 6
T 29 1 7
P 103 3 6
P 13 2 6
T 141 3 6
P 111 3 7
P 57 1 9
T 23 5 9
P 61 4 7
P 34 1 6
P 30 2 6
P 27 4 6
P 36 1 6
T 89 1 6
L 5 1 9
P 2 1 6
T 115 1 6
G 43 1 6
25 2
21 9
1 7
47 8
141 8
113 3
67 9
7 4
135 1
20 35 9
J 256 2 1
J 249 5 8
J 92 5 1
W 136 2 4
J 254 2 6
W 259 1 6
J 35 3 1
W 159 4 7
W 117 2 4
W 211 1 5
W 7 5 7
J 21 5 6
W 256 1 8
W 26 4 4
W 211 3 4
W 170 4 7
W 141 4 1
W 101 5 1
W 41 2 4
W 5 2 8
L 111 1 6
T 208 1 6
P 85 1 6
P 59 1 9
L 237 3 9
P 111 2 8
T 50 5 7
G 134 4 6
G 120 4 6
P 271 1 6
L 168 5 6
G 21 1 6
P 23 5 6
P 110 3 6
T 25 5 6
L 33 1 9
T 265 3 7
P 89 3 6
L 61 3 9
P 147 5 6
G 160 3 6
P 25 5 6
L 214 4 9
P 178 4 8
P 34 2 6
T 156 2 6
G 35 5 8
P 6 1 6
P 122 3 7
L 31 5 8
T 71 4 7
P 232 5 9
T 199 5 6
P 103 2 7
P 170 1 8
75 9
141 1
209 4
250 9
48 2
46 8
71 5
45 7
266 9
19 25 1
W 64 5 7
W 72 1 1
J 72 2 1
W 55 5 4
W 94 1 8
W 85 4 1
W 31 3 3
W 40 1 9
W 26 1 6
W 67 5 4
W 46 5 7
W 94 5 1
W 48 3 1
W 1 3 8
J 56 4 9
W 77 4 1
W 71 2 1
W 52 3 7
W 12 4 1
T 24 4 8
T 31 4 9
P 75 5 6
P 47 4 6
T 25 1 8
L 78 2 7
P 27 2 6
T 21 3 8
P 22 5 7
G 14 1 8
P 61 5 6
P 85 1 7
G 58 2 9
G 97 3 8
G 92 2 6
P 65 5 8
T 97 4 7
G 15 1 6
L 1 3 8
L 41 4 8
P 49 1 8
P 18 1 8
P 15 5 6
G 24 2 8
P 83 3 8
96 3
19 9 10
W 16 2 6
W 35 2 4
J 4 5 6
W 33 2 1
W 38 4 6
W 16 4 4
W 25 1 4
W 20 2 3
W 26 5 8
W 49 5 6
W 22 1 1
W 37 2 8
J 42 5 1
J 9 1 1
W 21 2 1
W 33 2 5
W 37 2 4
W 28 1 1
J 40 1 5
P 31 3 8
T 8 1 9
P 54 4 8
P 55 1 8
P 55 2 6
P 57 4 9
L 37 1 7
P 28 3 8
G 47 2 9
1 1
20 1
11 1
15 1
56 2
40 8
47 1
22 7
34 7
30 1
17 10 10
J 41 1 3
W 2 1 8
W 37 3 9
W 23 2 8
W 24 3 5
W 8 2 9
J 20 1 6
W 13 4 8
W 16 4 8
J 23 2 3
J 55 2 7
W 52 4 4
W 19 2 1
W 43 4 2
W 3 1 6
J 30 1 6
W 45 1 9
P 10 4 6
P 45 1 6
G 32 1 9
P 51 5 8
P 5 1 6
P 36 4 9
L 14 1 6
P 16 2 6
P 47 4 6
T 29 4 6
5 2
35 3
61 8
8 2
48 7
51 9
47 7
24 7
38 4
19 7
21 85 2
W 1 5 6
W 1 2 8
W 1 1 9
W 1 2 6
W 1 5 5
J 1 4 9
W 1 5 4
W 1 3 1
W 1 1 5
W 1 1 4
W 1 1 7
J 1 3 3
W 1 2 7
W 1 4 7
W 1 3 4
J 1 3 3
J 1 4 4
W 1 5 6
J 1 1 3
W 1 1 7
W 1 4 2
L 1 2 6
L 1 5 6
P 1 3 6
T 1 1 9
P 1 3 6
P 1 1 6
T 1 5 6
T 1 5 6
T 1 3 8
T 1 5 8
P 1 2 6
P 1 4 6
G 1 4 6
P 1 1 8
T 1 4 6
P 1 4 8
P 1 4 8
P 1 4 6
P 1 4 6
G 1 1 6
T 1 2 8
G 1 4 6
P 1 1 6
P 1 3 8
L 1 1 6
P 1 1 9
P 1 4 6
T 1 5 6
P 1 5 6
P 1 3 8
P 1 1 6
P 1 5 9
T 1 2 6
L 1 2 6
T 1 1 8
P 1 1 6
P 1 5 6
P 1 1 8
T 1 4 6
P 1 2 9
L 1 1 8
T 1 5 6
P 1 2 6
T 1 5 6
P 1 5 6
P 1 4 8
T 1 1 6
P 1 3 8
L 1 1 6
P 1 4 7
L 1 3 7
P 1 4 7
L 1 1 9
P 1 5 6
T 1 1 6
P 1 1 6
T 1 1 8
P 1 5 6
T 1 3 8
T 1 5 8
L 1 4 6
T 1 1 8
T 1 1 8
P 1 4 8
T 1 5 6
L 1 5 6
P 1 1 6
P 1 1 9
P 1 2 6
P 1 5 6
P 1 3 6
T 1 3 7
P 1 5 6
P 1 1 8
T 1 1 6
G 1 4 6
T 1 5 7
T 1 1 8
L 1 5 6
T 1 4 8
G 1 3 6
T 1 5 8
T 1 4 9
P 1 1 6
T 1 1 7
1 3
1 1
14 83 1
W 78 1 1
J 127 2 1
W 60 3 1
J 91 2 9
W 42 1 4
J 117 1 5
J 145 2 7
W 62 3 1
W 47 5 6
J 72 3 2
J 103 1 9
W 12 4 1
J 41 1 4
W 108 2 9
G 169 4 6
P 196 3 6
L 179 5 6
T 10 2 6
P 20 5 6
L 157 2 6
P 16 2 6
L 65 5 9
L 81 1 6
L 133 2 6
T 157 2 8
P 13 2 8
P 190 1 9
P 91 1 8
T 138 1 7
P 169 3 8
P 68 1 8
L 40 3 6
L 36 3 9
P 24 1 6
T 114 1 6
T 192 4 9
P 136 4 8
P 69 3 8
P 187 4 8
P 115 1 6
P 13 1 8
P 82 2 6
L 126 5 8
G 46 4 9
T 152 4 9
P 67 1 8
P 83 1 7
G 16 1 6
T 142 2 6
P 185 4 6
T 155 2 8
P 46 4 6
T 128 3 6
P 161 1 6
T 91 3 8
L 82 2 7
G 14 2 6
L 104 3 9
T 19 1 6
L 180 3 7
T 60 4 6
P 153 1 9
G 87 1 7
P 105 1 7
P 143 1 6
T 115 2 6
P 31 1 6
G 97 2 6
P 12 3 6
P 88 1 8
T 76 4 7
P 84 4 9
L 24 3 9
P 3 1 6
P 39 1 8
P 129 1 7
L 97 2 6
P 85 4 9
P 29 3 8
P 13 5 6
G 142 3 9
G 71 2 7
T 31 1 7
P 49 2 7
P 3 5 6
P 33 4 6
P 45 1 6
P 106 1 6
P 122 5 6
G 73 1 9
P 73 3 6
P 96 2 9
G 157 1 7
P 84 5 7
T 91 2 6
L 37 1 7
P 121 1 6
54 1
5 93 7
W 57 1 8
W 7 3 1
W 45 1 2
W 149 2 4
W 23 2 9
L 129 3 7
T 117 2 9
P 126 2 8
T 27 5 6
P 88 4 6
P 141 2 6
P 77 3 6
T 105 1 8
P 62 5 6
T 113 3 6
P 117 1 6
P 127 4 8
L 53 1 8
T 81 1 8
P 51 1 6
T 155 1 6
T 1 1 9
L 109 1 6
L 157 3 6
P 125 3 7
L 133 1 6
G 51 3 7
T 73 1 9
P 107 1 8
T 85 4 6
G 44 2 9
P 149 1 6
G 17 4 6
G 81 4 6
P 95 1 9
P 20 3 6
P 25 5 6
P 161 3 6
T 49 4 8
G 97 5 7
P 72 2 6
P 21 1 8
P 118 4 8
P 140 2 7
G 45 4 7
P 17 5 8
T 90 5 8
T 153 4 6
L 41 1 7
P 145 1 6
T 158 2 9
P 90 1 6
P 95 4 6
T 101 2 6
P 33 2 8
T 33 4 8
T 81 3 7
P 98 1 9
P 140 1 9
P 79 5 6
P 13 1 7
G 120 2 6
T 125 3 6
T 131 5 7
L 29 1 9
P 151 5 6
P 27 1 8
P 91 1 6
P 17 1 6
P 61 5 6
L 129 1 7
P 89 1 8
T 54 3 6
P 52 2 6
P 24 4 6
T 161 4 6
P 125 2 9
L 61 1 9
P 89 3 6
G 129 1 6
G 89 5 6
T 25 1 8
T 151 4 6
P 29 1 6
T 73 1 7
T 27 5 6
T 113 5 6
T 71 3 8
P 145 1 7
P 85 1 8
T 69 1 8
G 81 1 9
L 151 1 8
P 131 3 9
P 155 1 6
P 100 4 6
P 164 2 6
P 153 1 6
110 4
36 3
83 8
53 9
139 7
54 8
79 5
7 99 1
J 50 2 3
W 22 1 1
W 34 4 1
W 9 5 1
W 34 4 1
W 25 4 1
J 26 5 1
P 38 1 9
P 44 1 8
G 35 3 6
P 51 1 6
P 4 5 6
P 53 1 8
P 39 3 6
G 47 2 8
T 37 1 8
P 5 1 7
P 11 5 7
P 55 2 6
P 42 2 7
T 14 2 6
P 32 1 9
P 59 3 9
T 1 3 6
P 52 1 8
L 58 1 6
G 57 3 8
P 25 3 8
G 45 5 6
G 4 1 6
G 18 5 8
G 54 5 8
P 25 2 6
P 60 1 6
T 26 3 6
L 23 1 9
P 18 4 7
L 5 5 8
P 34 2 8
L 7 2 7
P 13 2 6
P 53 2 6
P 39 4 7
T 43 5 6
L 2 1 6
P 55 2 6
T 56 3 6
P 43 5 8
T 17 5 7
T 61 4 6
T 52 3 6
G 9 2 6
G 1 3 6
L 20 2 9
P 3 2 9
L 26 5 8
P 46 3 7
P 9 1 8
P 35 1 8
P 52 1 6
P 34 1 6
T 39 1 6
T 30 1 6
T 10 1 6
P 17 1 8
P 1 5 9
P 54 2 6
G 48 1 6
T 26 1 9
T 5 4 6
P 32 3 8
P 35 2 6
G 18 1 8
G 61 2 9
P 59 3 8
G 56 2 6
P 43 1 8
L 55 1 6
T 34 4 7
P 20 1 8
G 58 1 8
P 30 3 9
L 21 1 8
L 30 5 7
G 35 3 6
P 5 1 6
P 47 1 8
P 45 5 9
P 32 1 6
T 30 2 8
T 6 3 6
T 14 4 8
T 41 3 6
P 56 1 6
P 28 1 9
P 30 5 8
T 36 4 6
P 11 5 9
P 36 5 6
P 11 1 9
T 26 2 6
P 52 5 7
P 59 5 8
G 32 2 6
T 59 4 8
P 44 4 6
1 4
10 99 3
W 134 1 1
W 10 1 4
J 110 1 7
W 4 4 1
W 131 1 4
W 40 4 1
W 1 1 1
W 105 1 7
W 89 1 4
W 104 4 1
P 122 5 6
P 70 1 8
P 37 2 6
L 4 2 6
L 105 3 8
T 122 3 6
P 109 1 6
P 73 1 6
G 64 1 6
P 78 5 8
G 42 1 8
P 93 1 6
T 31 2 6
L 55 2 6
T 78 4 8
L 31 4 8
P 73 4 6
G 68 1 6
P 85 3 6
P 106 5 8
G 103 2 6
T 79 5 8
P 43 1 6
P 33 2 6
P 55 2 7
P 91 1 6
P 5 4 8
L 53 2 8
L 61 1 6
P 140 1 6
T 21 2 9
P 70 2 8
P 95 1 8
P 136 4 6
P 82 1 7
T 41 1 9
T 36 1 8
G 118 5 6
P 124 1 9
P 19 4 8
T 97 5 6
T 100 1 6
P 82 4 6
P 29 2 6
P 68 2 6
T 117 1 6
T 33 1 7
P 31 2 6
G 145 2 7
P 98 3 8
L 12 4 7
P 66 4 6
P 94 3 8
P 60 3 9
P 127 4 8
P 78 1 6
P 16 1 8
P 7 5 8
P 92 4 6
T 61 1 6
L 115 3 8
G 90 1 9
P 52 1 8
G 38 3 8
P 58 1 7
L 106 5 6
P 144 4 6
P 120 1 7
P 99 1 6
P 97 1 6
P 11 1 8
T 128 5 6
L 97 1 6
P 127 2 8
P 89 1 6
T 143 5 8
T 107 5 6
G 56 2 8
P 76 2 6
G 98 1 6
T 46 1 9
T 25 1 6
P 148 2 7
P 150 1 6
L 104 4 8
P 57 2 7
P 61 1 6
P 52 2 6
P 55 1 6
P 52 1 8
P 106 5 6
T 103 1 8
T 73 1 6
T 37 1 8
L 100 4 7
T 131 4 6
L 75 5 8
T 80 1 7
G 121 4 6
1 3
90 8
70 8
20 77 1
W 37 1 5
W 1 1 7
W 32 3 7
W 41 4 7
W 7 1 1
W 39 5 5
W 39 3 7
W 7 4 3
J 31 3 1
W 20 1 1
W 13 2 1
W 15 3 8
W 36 1 3
W 31 1 1
W 28 3 4
W 32 1 2
W 32 3 9
W 34 1 8
W 25 1 3
W 1 5 6
P 40 2 8
T 26 1 6
P 19 2 6
P 14 2 8
L 5 1 6
P 30 2 6
P 26 1 6
L 14 1 6
T 2 1 8
P 12 3 8
P 9 5 9
P 11 4 6
P 13 2 6
G 19 5 6
P 5 1 6
P 21 2 6
P 29 1 9
P 35 1 6
P 11 2 6
G 39 2 6
T 33 1 6
P 9 1 8
T 28 4 8
G 1 1 6
T 38 3 9
P 12 3 6
P 28 1 6
T 20 2 8
T 28 2 6
L 10 4 8
T 25 1 8
T 35 2 9
L 12 1 8
G 40 1 6
P 12 2 7
T 1 5 7
P 9 1 7
P 16 1 9
G 33 1 9
T 38 5 6
L 9 5 6
P 24 1 6
P 11 2 6
L 20 1 6
L 37 1 6
P 13 2 8
G 34 4 8
P 4 1 6
T 1 1 8
T 10 1 8
P 18 4 6
P 8 2 8
P 10 3 9
P 32 4 6
T 40 2 6
T 33 1 6
T 7 3 7
L 11 2 9
T 8 1 8
L 35 1 6
P 40 1 6
P 21 5 7
P 30 3 7
T 31 2 8
G 34 5 8
P 25 4 6
P 1 5 8
T 38 2 9
G 12 3 6
P 1 3 7
L 35 4 9
T 20 4 6
P 10 1 8
T 19 3 6
T 34 3 6
P 17 5 6
T 12 3 6
9 1
16 5 6
W 1 3 1
W 1 2 4
W 1 1 5
J 1 4 4
W 1 2 4
W 1 2 3
W 1 5 2
J 1 1 7
W 1 3 5
J 1 1 7
W 1 5 1
W 1 4 5
W 1 4 7
W 1 1 1
W 1 2 7
W 1 4 2
P 1 1 6
P 1 3 8
P 1 1 8
P 1 3 6
P 1 1 8
1 2
1 1
1 6
1 3
1 4
1 1
6 5 10
W 140 3 9
J 4 1 4
W 118 4 7
W 68 5 9
W 85 1 1
W 12 3 1
P 181 1 7
P 9 1 7
G 193 1 6
P 133 1 6
T 36 5 6
76 3
129 9
135 1
99 2
175 7
133 3
20 1
142 9
133 2
178 1
1 5 9
W 2 5 1
P 5 2 6
L 17 1 6
P 10 2 9
G 17 1 6
P 14 2 7
15 1
13 1
1 6
9 5
11 5
11 1
13 8
10 7
15 6
8 5 7
W 247 1 1
W 266 3 1
W 207 1 8
W 225 2 2
W 263 3 7
W 72 3 1
W 15 2 1
W 146 2 2
P 81 3 6
L 38 1 7
T 176 4 7
T 31 3 9
G 256 2 9
169 3
191 1
111 1
145 7
62 6
257 8
233 8
24 65 6
J 187 1 6
J 46 5 7
J 142 5 4
W 25 1 1
J 39 1 2
W 174 1 5
W 167 1 4
J 149 2 7
W 13 1 7
W 11 3 2
W 63 1 8
J 86 4 4
W 91 2 1
W 205 3 9
W 75 1 4
W 123 3 1
W 84 4 4
W 111 2 7
W 141 5 4
W 76 1 1
W 130 5 8
W 61 5 4
W 26 1 7
W 86 5 1
P 201 2 7
P 20 4 8
G 201 4 6
T 45 1 6
P 50 5 6
T 11 3 6
P 21 5 7
P 46 2 9
P 115 3 8
P 41 1 9
P 16 1 7
P 76 5 9
G 70 5 8
P 105 5 7
P 162 4 6
G 172 1 6
P 23 2 6
P 167 1 7
P 169 4 6
P 109 1 6
G 62 1 6
L 58 1 6
T 62 3 7
P 83 2 6
L 119 4 8
L 180 3 8
P 146 3 6
P 3 1 6
P 105 1 6
L 165 5 9
P 111 1 6
T 36 5 6
T 176 2 7
P 161 2 6
T 66 4 7
L 11 4 8
L 116 3 6
P 111 4 7
L 183 1 8
T 16 3 7
T 124 3 8
P 204 1 6
P 51 5 6
L 121 2 8
T 50 2 7
P 55 3 6
L 29 1 8
G 127 1 6
P 134 5 6
L 184 4 6
T 13 4 6
P 86 4 6
P 64 5 6
L 76 3 6
P 183 1 6
P 1 4 6
P 111 1 9
L 200 3 8
T 127 2 6
G 150 5 7
L 17 2 6
T 125 1 6
G 3 2 7
P 115 3 8
P 29 1 7
37 1
76 9
66 4
75 6
118 4
33 1
24 27 9
W 81 5 2
W 24 3 7
W 9 2 2
W 85 5 4
W 21 1 5
J 88 3 1
J 44 1 4
W 56 1 2
W 91 1 5
W 8 1 9
J 1 3 8
W 94 1 7
W 16 5 4
W 22 4 1
W 91 1 5
W 89 3 1
W 18 1 5
J 57 2 1
W 1 3 6
W 52 4 9
W 88 3 5
W 91 1 5
W 82 2 3
J 6 1 8
G 55 4 9
T 70 4 8
P 1 4 6
P 58 3 8
T 85 2 6
T 4 1 8
P 60 3 6
P 63 5 7
P 52 3 6
G 36 1 6
P 85 1 9
L 43 1 6
P 51 4 8
P 76 4 8
P 82 5 7
L 7 2 6
L 54 3 6
T 46 5 6
G 100 2 6
P 1 4 6
G 74 1 8
L 43 3 8
T 91 2 6
L 20 3 8
P 27 3 6
T 78 4 6
T 6 3 6
16 5
85 4
61 9
64 6
91 5
64 2
79 7
49 7
87 4
19 56 3
W 84 1 2
W 29 5 5
W 69 2 6
W 70 3 9
W 8 5 6
W 73 1 9
W 38 4 8
W 107 1 7
W 55 3 1
W 21 3 8
W 34 1 1
W 74 3 4
J 76 4 9
J 4 5 7
W 50 1 4
W 19 5 4
W 67 3 4
W 68 1 9
J 59 4 8
L 75 2 7
T 11 1 8
G 70 3 6
P 37 1 7
L 95 5 6
P 51 5 6
P 98 2 8
T 61 1 8
P 83 4 9
P 14 2 9
P 91 3 8
P 41 3 7
P 34 4 8
P 85 2 6
L 87 3 6
P 24 5 8
T 15 4 6
T 13 1 8
P 58 1 6
P 28 2 6
P 43 1 8
P 42 1 8
T 29 1 6
P 50 1 9
L 24 4 8
P 73 2 6
G 14 4 6
P 10 5 6
L 19 1 9
T 84 5 6
P 50 2 6
P 82 1 6
G 11 1 6
T 37 1 8
P 92 2 6
P 25 1 6
L 65 3 8
P 27 2 6
P 98 5 8
L 8 1 8
P 45 2 6
P 33 1 9
T 64 1 9
P 82 1 8
G 47 2 8
L 27 4 6
P 5 5 6
L 32 1 6
P 18 5 6
G 107 3 9
P 22 4 8
T 106 3 9
P 72 1 9
T 58 5 6
L 4 2 6
P 103 4 8
102 5
36 1
81 1
7 53 3
W 196 2 8
W 4 3 3
W 179 1 8
W 194 4 7
J 58 2 1
W 5 3 9
W 57 2 1
P 92 2 6
T 171 5 8
P 170 5 6
P 75 3 6
P 106 5 6
P 189 4 6
L 216 2 6
P 109 2 7
T 205 1 6
P 204 5 9
P 32 4 7
T 39 1 6
P 110 1 6
P 33 4 6
T 175 3 6
L 219 1 8
T 140 4 8
P 86 2 6
P 161 3 6
P 105 3 9
P 78 3 7
P 27 5 8
P 15 1 6
T 169 5 9
P 193 1 9
P 52 1 8
T 189 3 6
P 218 1 8
T 84 1 8
G 188 2 6
L 150 1 9
T 79 4 6
P 139 1 8
P 190 4 6
G 45 1 7
T 24 2 8
G 160 1 8
G 199 1 6
P 194 2 6
L 81 4 8
P 215 1 9
L 53 3 6
T 124 3 6
G 133 1 8
P 159 2 8
P 115 1 6
P 55 4 8
G 49 1 6
P 103 5 9
P 58 4 6
L 28 1 8
G 1 1 9
G 117 3 6
11 4
72 9
207 1
4 75 9
W 27 5 9
W 245 3 1
J 201 1 1
W 138 1 1
P 71 4 6
P 203 5 6
P 168 1 6
L 67 1 6
G 36 5 6
T 141 4 6
P 78 4 8
L 174 5 8
T 32 1 7
T 185 1 9
P 241 1 8
T 108 2 6
G 116 5 6
T 56 3 6
T 59 2 6
P 221 2 8
P 131 3 8
P 66 2 6
T 79 5 6
P 83 3 9
P 110 1 8
T 223 4 6
P 60 2 8
P 240 5 6
P 62 4 6
P 13 1 7
P 179 3 6
L 185 4 8
T 166 3 7
T 45 2 8
P 187 2 6
L 179 3 6
G 34 3 7
T 152 4 6
T 166 1 6
T 161 1 7
P 100 1 6
L 23 1 6
P 240 1 8
L 198 3 6
L 111 5 9
P 67 1 6
P 53 4 6
L 14 4 6
T 122 1 6
L 3 3 9
G 95 5 6
G 184 5 6
P 51 1 8
P 217 5 6
P 137 1 6
T 237 1 6
T 140 1 6
G 27 3 6
P 154 2 6
P 224 5 6
P 252 5 8
P 215 2 6
T 129 5 6
T 90 1 6
T 132 4 7
T 39 1 8
P 27 5 8
P 119 3 8
T 118 4 6
P 109 1 6
P 34 2 6
T 167 3 8
P 67 3 6
P 28 1 9
P 221 2 6
L 208 1 6
P 33 5 6
P 88 4 9
T 170 1 6
79 1
133 1
49 4
145 6
19 2
24 1
205 9
188 5
90 4
10 31 10
W 117 2 9
W 95 5 1
W 86 5 7
W 148 4 7
W 94 1 1
W 57 4 6
W 92 3 9
W 128 1 4
J 157 3 1
W 5 3 3
G 149 3 6
T 157 3 9
P 137 1 7
T 113 2 9
G 73 2 6
P 131 1 6
L 66 1 6
P 2 5 6
G 119 3 8
P 64 4 8
G 49 4 6
P 24 2 6
P 67 1 8
T 49 1 6
P 134 1 9
G 160 5 6
P 104 3 6
P 36 1 6
T 141 4 8
L 49 1 6
T 148 5 8
T 74 1 6
G 168 3 6
T 73 3 8
P 134 3 8
P 41 2 8
P 88 1 6
T 124 2 6
T 169 1 7
P 27 1 8
T 164 3 6
144 7
5 9
39 4
81 7
1 6
73 3
141 5
61 4
34 2
79 4
8 72 1
W 3 1 7
W 1 3 1
W 6 3 6
W 2 1 4
W 7 1 1
W 1 5 8
W 5 1 1
J 5 4 4
T 6 1 8
P 10 2 8
P 1 1 6
L 5 4 8
P 9 5 9
P 7 1 6
P 5 3 7
T 3 5 9
G 1 5 7
P 5 1 6
L 3 5 6
T 5 2 6
P 9 5 9
T 3 5 6
P 9 1 6
L 1 5 6
P 5 2 8
P 6 1 7
P 1 4 6
T 1 1 6
G 9 4 6
T 5 2 6
P 1 5 6
P 6 1 9
T 7 3 6
P 1 5 8
P 1 4 6
L 7 4 8
P 1 2 6
T 9 4 8
G 4 1 6
P 5 5 9
P 1 4 6
L 1 3 7
T 3 1 6
P 1 1 7
P 3 5 7
P 8 5 6
T 3 2 7
P 1 2 6
L 6 1 6
P 5 5 8
L 4 3 6
P 1 5 6
P 1 5 6
P 9 1 6
P 7 2 8
P 2 1 6
P 8 3 8
P 1 2 8
P 3 2 6
P 6 2 9
P 7 2 8
P 7 2 8
P 9 3 7
P 1 1 8
G 1 5 8
P 3 5 8
P 7 1 8
G 9 3 6
T 10 5 7
P 6 2 6
T 2 4 8
P 8 3 8
P 9 5 7
P 6 4 6
T 6 4 6
P 10 2 6
L 9 4 8
L 3 4 7
G 8 5 6
L 3 3 6
9 2
5 65 7
W 37 4 2
W 27 1 5
J 43 1 1
W 63 4 6
W 16 1 1
L 91 4 6
P 76 4 8
T 16 1 7
P 43 3 7
T 25 3 6
P 46 1 8
G 24 5 6
P 49 1 8
T 89 3 7
T 32 1 7
T 35 5 6
T 42 4 6
T 47 4 6
L 21 5 6
P 85 2 6
T 1 4 7
P 15 2 6
P 16 1 6
T 31 2 8
T 16 1 6
G 82 5 7
P 59 2 6
P 52 3 7
T 40 1 6
P 22 3 6
T 9 1 9
L 3 4 6
T 68 1 6
P 93 3 8
T 16 1 6
P 83 3 6
T 46 5 6
T 4 5 6
P 19 4 7
P 70 2 8
P 71 1 6
T 11 1 6
T 92 1 9
P 76 1 6
P 22 2 8
P 19 1 6
T 83 3 6
L 67 4 6
G 70 1 6
T 29 2 6
P 4 2 6
P 37 1 7
P 4 4 6
P 31 1 6
T 37 1 6
T 80 4 6
P 36 1 9
P 28 3 8
G 30 4 8
P 40 5 7
P 10 2 6
T 34 2 6
T 45 1 6
P 4 2 6
P 7 1 6
T 55 5 8
P 41 1 9
P 71 2 6
P 49 1 6
G 48 1 8
27 2
89 6
16 1
1 1
1 1
50 9
12 1
15 36 3
W 13 1 1
W 4 5 1
W 11 5 2
W 4 5 4
W 16 5 1
W 10 4 8
J 2 4 7
J 9 1 2
J 12 3 1
W 1 1 2
W 13 5 1
W 11 4 1
W 8 1 7
W 17 3 7
W 11 2 7
T 9 3 8
P 14 4 6
P 16 1 9
P 15 3 9
T 1 5 7
G 16 3 9
T 8 3 6
L 2 5 6
P 1 1 6
P 7 4 9
P 12 2 8
P 2 1 6
T 10 5 6
G 15 4 8
P 8 1 6
P 11 4 8
P 13 1 6
P 12 2 9
P 6 2 6
L 6 1 8
P 14 1 6
P 1 2 6
P 12 1 9
L 1 2 6
T 9 4 8
L 9 3 8
T 5 1 7
P 3 1 6
P 7 2 6
T 1 1 7
L 1 1 9
T 7 2 6
L 8 1 9
P 15 5 6
T 1 4 9
P 15 5 6
14 7
16 1
11 4
18 55 6
W 34 1 2
W 34 4 1
W 17 4 1
W 12 5 4
J 34 1 5
W 43 3 1
W 43 5 1
W 31 1 4
J 3 3 3
W 4 4 1
J 3 5 4
W 42 3 3
J 12 1 7
J 36 4 1
W 1 2 2
J 12 1 4
W 18 5 8
W 29 4 9
L 28 2 6
T 40 3 6
T 12 1 7
P 11 1 7
P 33 1 7
L 16 1 6
G 18 1 6
P 6 1 8
T 6 2 9
T 11 1 6
T 28 5 6
P 24 3 6
T 11 1 6
P 8 1 8
P 14 3 6
T 32 1 6
P 43 4 6
T 26 3 6
P 18 4 8
P 3 1 6
P 35 1 6
T 5 1 6
P 29 1 6
T 39 1 7
P 6 3 6
P 29 1 9
T 38 2 6
T 43 1 6
T 43 5 7
T 8 1 7
P 21 5 6
P 28 1 6
T 27 5 7
L 10 4 6
L 23 5 6
P 3 1 8
T 42 3 7
T 19 5 6
L 8 2 9
P 22 1 9
G 25 2 6
T 42 1 9
P 5 1 7
G 36 5 6
T 31 1 8
L 31 5 8
T 35 5 6
G 38 1 6
T 42 4 6
P 29 5 6
T 34 5 8
L 15 2 8
P 29 1 8
T 19 2 6
P 16 3 7
41 8
29 2
42 1
14 1
15 1
40 1
22 79 7
W 209 3 4
W 217 1 1
J 80 1 3
W 58 3 4
J 135 1 3
W 17 1 1
J 208 4 7
J 74 2 1
W 139 1 4
W 27 5 9
W 33 1 4
W 33 4 7
W 149 2 6
W 119 2 7
W 101 1 4
W 1 2 1
W 201 2 9
W 67 1 5
W 130 4 7
W 201 1 4
W 191 2 8
W 164 4 2
T 25 3 6
L 1 3 8
T 217 3 9
G 145 4 9
G 51 1 6
P 77 4 6
P 233 1 6
L 129 5 7
T 117 1 8
P 84 1 6
P 65 5 7
P 231 1 6
P 193 4 6
T 143 1 6
T 85 3 8
P 117 3 6
L 91 3 6
P 211 3 9
P 116 2 6
T 69 3 9
P 49 1 9
T 182 4 9
P 228 4 6
P 61 1 7
P 1 2 6
G 77 5 6
P 153 2 6
P 113 3 6
G 152 5 6
L 160 2 6
T 100 2 6
P 91 5 6
P 177 4 6
P 81 1 6
T 17 1 9
G 153 4 6
P 21 1 6
P 13 4 7
T 150 1 7
G 197 3 6
P 169 3 8
P 59 3 8
G 17 1 6
T 171 3 7
P 25 4 6
P 236 1 6
T 93 2 7
L 90 1 8
L 231 1 7
P 23 3 7
G 189 5 6
P 37 2 6
P 35 4 6
P 152 4 6
P 53 1 6
P 145 1 6
L 161 5 6
P 10 3 6
P 108 2 9
P 221 1 9
P 203 5 9
P 235 1 6
P 52 2 6
T 145 2 6
P 169 5 9
G 119 3 6
L 167 4 9
G 93 1 7
P 67 4 6
L 55 3 6
P 35 1 9
P 14 2 9
G 89 2 7
L 133 1 8
T 60 5 7
G 61 2 6
G 116 1 6
T 173 1 6
P 105 1 6
49 2
29 8
21 5
69 5
133 7
143 5
65 8
11 55 1
W 21 2 5
W 119 5 7
W 149 1 2
W 81 1 1
W 91 1 6
W 124 2 5
J 27 1 2
W 161 4 7
W 211 3 1
W 205 1 4
W 90 2 7
T 41 2 8
T 69 1 6
P 94 1 6
P 53 5 8
L 177 1 6
P 213 2 6
P 33 4 6
P 54 3 6
P 264 2 8
T 256 1 9
P 165 1 6
P 117 5 7
G 176 3 8
P 96 2 9
T 24 5 8
P 104 5 6
P 221 4 6
P 91 1 6
L 235 1 6
L 176 4 8
P 256 4 6
T 46 1 6
P 216 3 6
T 113 3 7
P 15 2 8
P 194 5 6
L 21 1 7
P 106 1 8
T 54 2 6
T 171 5 7
G 131 4 9
P 135 4 6
P 232 1 6
P 127 1 6
T 118 2 7
P 240 2 9
P 67 3 7
T 14 4 6
P 190 5 7
T 105 5 8
P 260 2 6
T 112 4 8
G 29 1 6
P 79 4 6
T 16 2 7
L 115 5 6
P 195 3 8
P 11 1 6
G 98 1 6
L 136 1 6
L 81 1 9
P 226 1 7
G 181 4 9
T 94 1 8
G 50 3 7
99 4
17 49 5
J 170 4 5
W 4 3 1
W 72 1 2
J 51 4 4
W 46 1 7
W 143 5 4
W 155 2 4
W 105 1 2
W 85 4 1
J 80 4 2
W 161 1 3
J 78 1 6
J 170 5 1
W 34 1 3
W 15 4 5
W 107 3 4
W 78 1 7
T 32 5 6
P 89 1 6
T 182 5 6
P 152 1 6
P 33 3 8
P 60 5 6
P 18 2 8
T 59 1 8
G 102 1 6
P 43 5 7
T 171 3 6
P 56 2 7
P 8 4 7
T 43 2 6
G 103 4 6
P 26 4 9
P 122 1 8
P 95 3 6
P 179 2 7
T 94 5 6
G 120 5 6
P 89 1 6
G 1 4 8
P 34 4 9
G 77 1 7
P 79 1 8
T 161 4 8
G 157 1 6
T 82 1 7
P 11 1 6
T 154 5 6
P 41 4 6
P 131 1 6
P 82 4 6
P 129 4 6
P 146 1 7
P 25 2 6
P 103 5 6
P 102 1 7
P 157 2 7
G 14 1 6
P 112 1 6
L 142 2 6
G 82 1 7
T 128 5 8
P 86 1 9
G 18 1 6
P 136 4 8
G 81 2 6
100 4
69 8
54 1
123 3
100 7
1 34 1
J 24 2 7
T 80 4 6
T 22 3 8
P 43 5 6
P 15 4 6
P 41 2 8
P 78 1 9
P 80 1 8
T 62 2 6
P 10 1 6
P 61 1 8
P 47 5 6
P 45 4 6
P 54 4 8
T 37 1 6
T 8 2 8
T 7 2 6
P 16 1 6
G 75 1 8
L 9 1 8
T 18 1 6
P 14 2 8
P 66 1 8
L 54 3 6
P 32 1 6
T 78 3 9
L 34 1 8
L 81 2 6
P 52 5 6
P 27 1 6
P 34 4 6
P 3 5 8
T 61 5 8
P 63 2 9
P 66 5 6
19 8
4 9 5
W 239 3 9
J 157 4 4
J 39 3 5
W 151 2 1
G 64 1 6
P 205 1 6
L 238 1 7
P 82 5 8
P 195 5 6
P 205 1 6
T 280 4 8
T 17 2 7
P 247 4 6
205 2
112 4
216 4
170 1
170 4
2 95 1
W 12 2 6
W 4 1 8
T 1 5 6
P 16 3 8
T 5 1 6
P 11 1 7
P 9 2 6
P 1 5 6
T 16 2 6
T 7 1 9
G 3 1 9
P 9 1 7
T 5 1 8
G 11 1 7
T 8 1 6
P 13 2 7
L 9 5 6
T 11 4 6
P 2 2 7
T 10 1 6
T 5 1 8
P 11 1 9
P 7 1 7
P 7 1 7
L 6 1 6
P 14 4 9
L 15 1 6
L 9 1 6
P 5 1 6
P 1 5 7
G 13 1 9
T 10 1 9
P 3 1 7
G 5 5 9
P 13 1 6
G 1 2 9
P 14 1 7
T 9 4 6
P 15 4 8
G 9 5 8
T 9 1 6
T 8 2 7
P 1 1 6
T 1 3 6
G 1 1 6
L 1 1 7
T 1 5 6
P 5 1 6
G 7 3 6
L 3 1 8
P 1 2 7
G 5 3 8
P 9 2 9
T 16 1 6
P 3 2 9
L 11 1 6
G 9 1 9
T 1 4 6
G 3 2 7
P 9 1 6
P 13 2 8
G 13 1 7
L 6 5 7
G 9 5 8
P 15 2 6
P 1 1 8
P 5 1 6
P 4 1 6
G 13 4 8
P 11 1 7
P 6 3 6
P 14 2 8
P 11 5 6
P 5 2 6
P 3 4 9
P 9 5 8
G 9 1 6
T 4 1 7
G 12 1 8
P 5 3 6
P 14 5 9
P 14 4 8
T 13 1 8
P 10 5 7
L 3 1 7
P 1 3 9
P 13 5 6
P 3 1 6
P 15 1 9
T 15 1 8
P 1 4 6
P 5 1 6
P 5 1 6
T 1 3 8
P 9 1 8
G 1 4 8
T 6 5 8
1 4
1 72 7
W 154 1 7
P 73 3 6
T 118 4 9
G 150 1 6
P 4 4 8
T 64 3 9
P 85 3 8
P 151 2 6
P 105 3 8
T 67 3 6
P 60 1 6
G 104 4 8
L 43 1 8
T 163 1 6
T 10 1 7
T 72 4 6
P 35 1 8
P 133 1 6
P 20 5 6
P 166 1 6
P 14 2 6
G 90 5 8
P 1 2 8
T 16 1 6
G 118 3 8
G 121 4 6
P 118 3 6
L 163 2 8
T 80 1 8
P 54 5 9
P 127 4 7
G 40 1 6
P 109 2 8
P 167 5 9
P 19 1 7
T 157 1 8
L 138 3 6
P 160 5 6
P 27 1 7
P 24 3 8
P 72 1 9
P 165 2 6
P 127 4 9
T 130 5 6
T 173 5 6
G 108 1 8
P 80 2 6
T 58 5 8
T 97 1 6
P 25 2 7
P 51 5 6
P 60 2 6
G 10 4 8
P 68 3 6
G 53 5 9
P 149 1 8
T 41 3 8
P 175 4 6
P 1 1 6
T 82 2 6
T 119 5 8
T 57 2 7
G 58 3 7
G 113 3 7
T 109 3 6
P 56 3 6
P 57 1 6
P 54 1 9
P 119 2 8
P 28 3 6
P 157 2 6
T 104 5 6
L 15 3 6
138 4
2 7
15 3
151 9
30 4
163 7
112 4
6 43 10
W 220 2 9
W 1 1 9
J 23 2 9
W 174 5 1
W 94 2 1
W 57 3 1
P 123 2 6
P 73 2 6
T 190 2 7
G 75 4 6
L 205 4 6
P 158 1 8
P 106 1 6
T 2 5 8
P 70 5 8
P 180 2 9
T 216 3 6
P 51 1 6
T 195 1 8
G 123 1 6
G 141 1 6
T 90 2 6
L 188 5 6
L 43 3 8
G 192 1 6
P 150 2 6
L 123 2 6
T 8 5 6
G 76 1 6
G 119 1 6
P 156 1 6
P 217 1 6
T 21 5 6
T 49 3 6
P 39 4 8
G 76 1 8
L 62 5 8
P 216 1 6
T 210 2 8
G 20 2 6
P 40 3 6
G 131 2 7
G 150 1 8
T 52 1 6
P 34 5 6
P 189 1 8
T 47 3 7
P 58 5 6
P 155 2 6
6 7
179 4
209 4
38 7
171 2
114 7
116 5
45 4
191 1
169 3
11 41 3
W 28 2 1
J 12 1 4
W 62 5 1
W 33 4 5
W 37 1 3
J 73 1 2
J 97 1 3
W 75 5 1
W 79 1 2
W 88 4 9
W 100 4 5
T 77 2 9
P 81 1 6
P 55 4 9
L 43 1 7
P 81 2 7
T 1 3 9
P 66 1 6
P 49 1 9
P 41 4 8
L 61 1 8
P 29 3 6
G 91 4 8
P 93 5 8
P 80 2 8
T 55 1 7
G 28 1 6
L 24 1 9
P 32 3 8
G 61 1 8
P 37 2 6
P 28 1 8
P 9 4 9
P 49 4 9
T 13 1 8
P 85 1 8
T 25 4 6
G 95 4 6
T 89 2 6
P 49 4 6
P 81 3 6
T 16 3 8
L 1 5 7
P 37 4 9
P 50 1 7
L 18 1 7
T 69 2 6
T 13 3 9
P 1 3 8
P 97 2 6
P 61 2 8
T 91 3 6
25 4
17 4
37 1
11 23 3
J 85 5 1
W 1 1 7
W 31 5 2
W 83 5 1
W 16 4 4
J 22 1 5
W 77 4 7
W 48 3 8
W 25 1 9
W 24 3 2
W 76 1 1
P 17 1 9
P 37 1 9
P 53 1 9
T 91 1 6
G 9 4 8
T 79 3 6
P 11 1 9
P 43 1 6
P 89 1 6
T 44 4 6
T 83 4 9
T 93 1 6
P 70 1 9
G 31 3 9
T 45 3 6
T 63 4 8
T 57 5 6
L 16 2 6
T 89 1 8
T 26 2 8
L 48 2 8
P 59 1 6
P 45 1 6
3 7
4 8
67 4
1 25 3
W 170 1 7
P 54 4 6
G 94 4 7
T 84 1 6
P 48 4 9
T 181 3 6
G 125 3 6
L 24 1 6
G 227 2 7
P 261 4 6
P 155 1 6
L 47 5 6
P 44 2 9
P 184 4 6
P 158 1 6
P 30 1 8
P 247 2 9
T 58 5 9
L 256 1 9
P 25 3 6
G 97 5 6
L 101 1 7
P 61 1 6
P 107 1 8
P 21 2 6
T 81 1 9
86 7
52 7
81 8
21 93 3
J 133 1 7
W 134 5 4
J 29 5 6
W 112 3 2
W 56 2 1
W 144 1 1
J 132 3 1
W 1 1 8
W 96 1 7
W 135 5 8
W 34 1 6
W 145 1 9
W 102 2 5
W 8 4 3
W 105 1 9
W 87 4 3
W 104 5 1
W 13 1 2
W 132 1 7
W 92 1 1
J 19 1 1
L 1 3 6
T 146 1 7
P 5 1 6
P 29 3 7
P 144 5 8
L 26 4 8
L 102 1 8
P 14 3 6
T 27 5 8
P 3 1 6
L 79 1 6
L 49 1 6
L 118 1 6
T 83 5 6
P 7 3 6
P 58 5 6
P 23 5 9
G 29 5 6
T 62 5 6
T 14 3 8
P 132 1 6
T 86 5 6
G 88 3 6
P 159 2 6
P 70 5 6
P 89 2 6
P 143 1 8
P 104 2 6
T 121 2 8
T 98 5 8
T 153 2 6
P 134 4 9
G 136 4 7
P 112 1 9
L 83 1 8
P 167 5 7
P 149 3 6
T 19 4 6
P 53 5 6
P 97 4 6
G 116 4 8
T 43 2 6
P 125 1 8
L 3 4 8
G 151 2 7
P 34 1 8
P 55 1 8
P 141 1 8
L 57 2 6
P 19 4 8
L 98 5 9
L 141 2 6
P 161 4 6
G 128 1 8
P 4 3 6
P 153 2 6
T 29 1 6
L 125 5 6
P 66 5 9
P 33 1 8
L 157 3 8
P 22 1 6
T 162 1 6
P 156 5 7
T 113 4 6
P 27 3 6
T 31 2 6
G 98 3 6
P 88 2 6
P 107 4 8
L 145 1 7
G 53 4 8
P 69 1 8
G 137 5 7
P 53 1 7
T 124 1 6
P 122 1 6
G 40 1 8
P 60 1 7
P 42 5 6
T 39 1 9
P 102 1 6
T 70 3 8
P 131 1 6
P 31 1 7
P 117 1 8
G 79 4 9
P 51 5 9
P 77 3 6
P 169 5 6
G 20 1 6
T 82 1 6
P 8 2 8
38 1
144 6
19 1
6 20 5
J 17 5 1
W 10 4 2
W 35 5 1
W 34 2 1
W 48 1 1
J 34 4 5
P 4 2 9
P 32 1 7
L 28 1 7
P 36 3 6
T 37 1 6
G 1 5 8
T 15 5 6
P 1 3 6
G 40 2 8
P 33 1 7
P 13 1 8
T 45 1 6
G 35 4 6
P 8 5 7
T 26 1 7
T 17 2 7
P 5 1 8
G 25 5 9
G 7 2 6
P 31 1 6
6 8
3 8
5 1
14 6
4 2
1 60 6
W 106 5 5
L 110 3 9
T 65 1 9
P 95 5 6
T 243 1 8
P 77 3 6
G 204 2 6
L 183 1 6
G 202 3 6
L 178 1 8
L 160 2 7
P 35 1 8
P 127 1 8
P 206 1 6
T 208 1 8
T 114 5 8
P 225 5 6
P 162 4 9
L 247 5 6
P 147 3 9
P 85 1 8
G 81 1 8
T 112 5 6
L 139 4 6
P 38 5 9
G 191 1 8
P 219 1 6
T 74 1 6
G 24 5 8
P 195 1 8
G 43 3 6
L 76 5 6
P 213 2 6
L 136 3 8
P 139 4 6
P 57 1 7
P 216 1 6
L 150 5 8
P 240 1 6
P 94 1 6
T 200 1 7
P 111 2 8
P 21 5 6
P 100 3 8
L 250 1 6
T 82 1 6
T 77 1 6
P 84 5 7
T 166 5 6
P 178 1 8
P 177 4 8
P 83 2 6
P 144 3 6
L 232 2 6
T 169 2 6
P 84 1 6
L 210 1 8
P 5 5 9
P 89 5 6
P 125 5 6
P 169 5 8
186 1
219 1
252 4
235 7
83 8
172 8
13 73 1
J 131 1 4
W 175 1 9
J 261 2 7
W 260 1 3
W 53 2 1
W 66 1 7
J 117 4 4
J 107 1 6
J 235 4 6
W 180 1 6
W 1 4 1
W 73 2 3
W 95 4 1
G 65 3 7
T 136 1 8
P 73 1 6
P 112 1 6
T 105 5 6
T 67 2 9
P 75 4 8
P 148 1 8
G 180 5 7
P 117 2 7
P 228 1 6
G 19 1 6
T 12 1 6
P 164 4 6
P 195 1 6
G 153 2 8
G 173 1 9
P 247 1 6
T 31 1 7
L 185 5 7
G 135 1 6
P 27 5 7
T 77 4 6
P 109 5 6
L 152 5 6
T 67 4 7
P 160 1 6
P 276 1 8
G 243 5 6
T 93 4 8
P 137 1 8
P 57 2 6
G 259 2 6
P 45 1 6
P 210 4 7
P 216 5 8
L 77 5 6
T 95 3 6
P 18 2 9
P 267 4 6
P 210 5 7
P 56 5 9
G 60 2 6
P 72 4 8
P 57 1 6
L 1 4 6
T 243 4 8
L 76 1 7
T 243 1 6
P 219 4 6
P 67 5 6
L 199 5 6
P 147 1 6
L 94 5 6
P 222 3 6
T 61 1 8
T 87 4 6
T 179 5 8
T 235 2 6
L 53 4 6
T 134 2 6
P 241 2 8
P 115 4 7
T 145 1 8
P 153 2 6
P 209 5 6
T 149 1 7
P 37 5 6
G 138 1 7
G 9 2 9
P 189 5 7
G 195 1 9
P 31 2 8
129 2
8 86 5
W 1 1 7
W 20 4 8
W 65 4 4
W 55 1 8
W 77 5 1
W 7 1 4
W 61 3 4
W 81 1 5
L 79 4 8
T 47 3 6
T 64 5 6
P 81 4 6
T 51 4 6
T 37 1 8
P 33 1 6
P 12 3 8
T 19 5 7
P 64 1 6
P 31 3 6
P 61 1 6
T 59 3 6
P 43 1 7
P 34 2 8
P 41 4 8
P 65 1 6
P 56 4 6
T 27 1 6
P 9 5 8
G 22 5 8
P 63 5 6
P 3 1 6
P 21 5 6
L 33 5 6
L 56 4 8
T 13 3 9
T 49 5 6
T 50 1 6
P 33 1 6
P 29 1 6
T 29 2 6
P 5 3 6
P 45 2 6
P 29 1 7
T 13 5 6
G 47 1 6
P 41 3 7
T 79 1 7
L 11 1 6
T 16 1 8
T 79 1 8
P 33 5 6
P 81 2 8
P 48 4 6
P 41 1 6
P 33 3 6
P 59 3 8
P 68 1 8
P 1 5 8
L 74 3 7
T 56 2 8
T 75 5 9
P 9 4 7
P 26 1 8
P 39 1 6
L 32 1 8
T 53 5 6
G 43 1 6
P 11 5 6
L 17 1 6
T 8 3 8
P 43 3 7
P 58 1 8
P 37 5 7
T 23 1 6
P 60 2 8
P 75 3 8
P 72 1 7
T 2 5 9
P 18 2 6
P 3 1 6
T 13 2 6
T 81 4 8
P 29 3 9
P 53 1 7
G 29 1 6
P 81 1 6
P 11 4 8
P 39 1 7
L 7 1 6
P 4 1 6
P 23 3 6
T 66 2 6
L 2 2 6
P 18 4 6
55 6
66 1
3 7
82 1
24 2
20 33 4
W 4 1 7
W 111 2 5
J 121 3 7
W 193 4 1
J 102 5 5
W 24 4 2
W 4 5 9
J 140 1 8
W 165 1 4
W 98 1 1
W 166 1 6
W 127 1 1
W 68 3 4
W 89 5 4
J 175 2 6
W 32 1 1
J 172 4 4
W 102 1 8
J 179 2 9
W 77 1 9
P 137 2 8
G 154 1 8
T 159 4 6
P 79 5 9
P 128 4 9
P 161 4 9
G 53 3 8
G 150 4 6
L 118 1 9
P 31 5 6
T 79 2 6
T 160 4 6
P 26 2 8
P 191 3 6
T 182 1 6
P 67 2 6
P 138 3 8
L 33 1 6
T 83 5 9
L 45 5 9
T 83 5 6
L 67 4 7
G 143 1 7
P 161 3 6
G 171 1 8
G 35 3 6
P 100 3 6
P 69 1 6
T 164 1 6
P 63 2 8
P 95 1 7
P 7 1 7
P 73 1 7
155 4
50 4
172 8
190 1
1 75 5
W 58 4 1
G 261 3 6
G 72 1 9
P 276 2 6
P 268 5 8
P 46 2 6
G 227 3 6
T 88 4 9
L 97 4 9
P 39 1 6
T 228 5 6
T 135 2 6
T 236 2 9
T 127 5 6
P 57 4 8
T 132 3 6
P 251 2 9
G 187 1 6
P 251 5 9
L 210 4 9
P 275 2 8
P 140 2 8
P 212 4 8
T 70 1 6
L 197 2 6
P 138 1 8
P 283 1 6
T 106 1 6
P 31 1 6
L 193 1 8
T 46 4 6
P 179 1 6
L 174 1 7
L 19 1 9
T 231 1 7
P 225 1 6
P 7 1 6
P 40 5 7
P 276 3 6
P 135 2 6
P 246 2 6
T 161 1 6
P 200 5 9
T 149 4 6
P 92 4 6
G 40 5 6
T 55 2 6
T 222 4 7
P 133 5 7
P 31 2 7
P 52 1 8
G 230 1 6
P 71 1 7
P 62 1 7
P 278 1 8
T 264 3 6
P 269 5 7
P 246 2 8
P 194 5 6
L 157 1 8
P 146 1 7
T 86 1 6
T 223 3 6
T 201 1 6
T 224 2 6
P 149 4 6
T 112 5 6
P 18 4 6
T 272 5 6
P 182 1 9
T 25 5 8
P 60 1 6
P 166 4 6
T 173 4 6
L 264 4 8
P 107 2 7
188 7
31 3
169 1
274 1
160 7
9 46 1
W 76 1 2
W 40 1 9
W 122 1 5
J 25 5 4
W 72 4 8
W 7 3 6
J 121 4 7
W 61 3 3
W 37 4 2
T 62 1 6
G 95 2 6
P 46 3 6
T 103 1 8
P 83 3 8
T 25 1 8
T 139 3 9
P 117 1 6
P 88 5 6
P 140 5 8
P 91 3 6
P 139 4 6
L 16 1 8
P 27 1 6
P 126 5 6
G 103 4 6
T 92 1 6
P 115 3 8
L 46 2 6
T 89 4 9
T 7 1 6
P 10 2 6
G 104 5 8
P 112 2 6
P 49 1 7
T 108 2 8
P 19 4 8
P 15 2 7
G 13 4 9
P 118 4 6
P 79 1 6
L 54 1 8
T 128 5 8
G 79 1 7
T 88 1 6
G 109 3 6
P 82 2 6
P 60 2 6
P 140 2 6
T 49 3 8
P 126 5 8
P 23 5 6
L 25 3 8
P 43 1 7
T 60 3 9
P 35 2 6
106 9
22 35 1
W 51 3 1
W 55 5 1
W 66 2 4
W 152 1 9
W 95 3 1
J 168 3 4
J 151 5 1
W 34 5 1
W 79 1 5
J 99 1 1
W 34 4 4
J 162 3 1
W 28 2 6
J 175 3 2
J 89 2 2
W 13 3 7
W 37 5 7
W 205 1 7
W 139 1 5
W 18 2 4
W 6 3 9
W 142 2 9
T 35 1 9
P 154 5 7
P 104 1 8
P 91 1 9
P 22 1 6
T 130 2 8
T 181 4 6
L 145 3 7
P 64 2 9
P 133 3 9
L 124 4 9
P 227 3 6
G 158 3 6
P 67 1 6
P 181 1 6
T 206 1 8
L 55 1 6
P 11 3 6
T 166 1 6
G 25 2 7
T 216 4 7
P 100 1 7
P 186 1 6
P 17 5 7
T 162 4 7
G 176 2 8
L 105 1 6
G 51 3 8
T 39 2 6
L 201 4 6
L 86 3 9
P 49 1 6
P 199 5 9
T 84 5 6
P 189 2 6
214 9
22 20 3
W 8 1 9
W 16 2 9
W 3 2 9
W 12 2 8
W 19 1 2
W 10 1 1
W 7 1 1
W 8 3 8
J 15 3 3
W 5 4 1
W 11 4 9
J 6 1 9
W 19 5 5
W 3 1 1
W 11 1 6
J 8 3 6
J 19 2 1
J 12 1 2
W 11 4 4
J 5 2 9
J 5 1 7
W 16 1 5
L 1 2 6
G 4 1 6
T 2 1 6
T 1 1 6
T 9 1 6
P 10 1 8
G 14 3 8
T 15 5 6
L 7 1 6
P 1 3 8
P 1 1 6
P 11 3 8
T 16 2 6
T 1 1 6
T 7 3 6
T 1 1 9
G 7 3 8
P 19 3 7
T 13 1 6
L 4 2 8
18 7
16 7
8 4
18 100 6
W 1 3 9
W 1 4 7
W 1 3 2
W 1 2 5
W 1 4 5
W 1 1 3
W 1 3 1
W 1 2 1
W 1 2 1
W 1 4 3
W 1 1 1
J 1 4 4
W 1 3 5
J 1 5 9
W 1 4 2
W 1 5 4
W 1 1 5
W 1 4 6
G 1 1 6
T 1 1 6
P 1 1 6
L 1 1 6
P 1 1 6
P 1 2 6
T 1 3 8
P 1 1 6
P 1 1 6
P 1 5 6
G 1 2 6
P 1 1 6
P 1 1 6
L 1 4 7
P 1 1 8
P 1 4 6
P 1 1 6
L 1 2 6
L 1 1 8
G 1 1 8
P 1 2 8
P 1 1 6
P 1 4 6
G 1 3 8
P 1 4 8
P 1 3 6
P 1 3 6
L 1 1 7
T 1 2 8
P 1 3 7
P 1 5 6
P 1 4 6
P 1 3 9
T 1 5 6
L 1 1 8
P 1 2 6
P 1 1 6
T 1 1 8
P 1 2 6
P 1 1 8
T 1 4 6
L 1 1 6
T 1 1 8
P 1 3 9
P 1 3 7
T 1 1 7
P 1 5 7
P 1 4 6
P 1 1 7
L 1 2 8
T 1 1 6
P 1 5 8
T 1 4 7
L 1 5 8
P 1 2 8
T 1 3 6
P 1 1 8
G 1 3 6
T 1 1 6
P 1 3 6
G 1 2 6
T 1 4 7
P 1 1 8
T 1 5 8
P 1 1 6
T 1 5 6
P 1 1 6
L 1 4 7
G 1 3 6
P 1 5 8
P 1 1 8
L 1 4 9
P 1 5 6
G 1 1 6
P 1 1 8
T 1 3 6
T 1 5 9
T 1 1 8
P 1 1 6
T 1 1 8
G 1 5 6
P 1 1 6
P 1 5 8
G 1 1 6
P 1 5 8
T 1 3 6
T 1 1 9
L 1 3 6
P 1 5 8
L 1 1 7
P 1 4 8
P 1 1 8
P 1 4 6
T 1 1 7
P 1 1 6
L 1 1 7
P 1 2 9
T 1 2 8
P 1 4 9
P 1 1 6
1 1
1 3
1 4
1 8
1 9
1 6
20 5 7
W 60 1 8
W 133 4 1
W 90 4 1
J 11 2 9
W 41 1 4
J 9 2 1
W 17 3 4
W 37 3 6
W 70 1 7
W 87 5 7
W 125 1 6
W 37 4 1
W 67 4 7
W 87 1 9
W 3 1 3
W 85 2 1
W 61 4 2
W 43 1 2
W 91 1 8
W 120 2 1
L 98 4 7
P 9 2 6
P 39 3 6
P 120 5 9
P 127 5 6
43 8
85 7
71 5
78 8
86 1
56 7
40 1
9 30 5
W 10 5 9
W 5 3 4
W 10 3 5
W 10 5 6
J 10 2 5
W 3 5 1
W 12 3 2
W 6 2 7
W 3 4 9
P 11 1 9
T 7 1 6
L 5 5 6
L 13 5 8
T 11 1 6
T 7 1 6
T 6 4 7
P 4 1 6
P 10 4 8
P 11 4 7
T 9 5 8
T 11 2 6
L 8 2 6
P 7 1 9
P 8 1 8
T 11 2 8
P 10 3 9
P 8 4 6
P 8 2 8
P 4 1 8
P 13 1 6
T 8 5 6
P 8 4 7
G 1 4 8
G 7 4 8
P 1 2 8
T 8 1 8
T 4 3 7
P 1 2 8
P 3 2 6
4 4
10 1
5 9
12 6
8 2
13 80 10
W 129 3 7
W 92 2 5
W 146 3 1
J 52 1 5
J 72 4 6
J 184 5 1
W 37 2 4
J 187 3 1
J 5 4 1
W 31 5 3
W 137 1 4
J 168 2 2
W 92 1 8
T 81 1 8
P 28 4 8
L 118 1 7
L 146 1 6
P 153 1 7
P 174 3 7
P 122 4 9
P 76 4 8
P 13 1 9
P 93 3 8
P 69 1 6
T 170 5 6
L 7 3 6
P 124 1 6
P 191 5 6
P 28 5 9
L 15 1 9
P 177 2 8
P 120 2 7
P 22 5 6
P 114 4 6
P 186 1 8
P 1 1 9
G 60 3 6
T 7 1 7
T 21 4 6
T 165 4 6
G 149 1 8
G 10 3 6
P 149 4 8
T 121 3 6
T 12 3 8
P 64 4 8
P 100 1 6
T 51 1 9
P 28 3 9
P 191 2 6
T 149 1 6
T 69 5 9
T 162 4 6
L 37 1 6
T 2 5 6
L 184 1 6
P 21 1 6
P 155 1 8
P 133 1 6
T 151 2 6
G 83 1 6
T 186 2 8
T 94 3 9
P 111 1 8
P 128 2 7
P 43 4 7
T 89 1 9
T 116 3 6
P 41 4 6
L 164 1 8
T 178 1 6
L 57 1 8
P 74 5 8
P 119 2 7
T 158 4 7
T 81 1 6
P 2 4 7
L 151 3 8
P 163 2 9
P 34 5 8
P 168 2 6
P 164 3 9
G 88 2 6
T 23 1 9
P 141 1 6
T 181 1 8
T 35 1 6
T 77 4 9
P 44 5 6
L 170 2 8
G 10 1 6
P 159 1 9
L 78 1 6
74 9
78 4
96 2
51 5
153 4
137 7
112 7
2 5
151 1
103 4
12 45 1
W 1 1 1
W 1 5 5
W 1 3 6
W 1 4 6
W 1 4 4
W 1 1 2
W 1 5 1
J 1 1 1
W 1 3 2
W 1 2 3
J 1 4 7
W 1 4 1
T 1 1 6
P 1 1 9
P 1 2 7
P 1 5 6
P 1 4 8
T 1 1 6
G 1 1 8
P 1 1 6
P 1 1 8
P 1 3 6
G 1 3 9
T 1 1 6
T 1 1 6
P 1 2 7
L 1 5 6
T 1 1 7
T 1 4 7
L 1 1 7
P 1 2 6
L 1 1 6
P 1 5 6
P 1 1 7
T 1 1 6
P 1 2 6
P 1 2 8
P 1 1 8
L 1 1 8
T 1 4 8
P 1 4 7
P 1 4 6
P 1 4 6
P 1 1 6
T 1 4 8
G 1 5 6
P 1 4 6
P 1 2 6
P 1 1 6
T 1 1 6
P 1 2 7
P 1 4 6
P 1 1 6
P 1 5 6
P 1 1 6
P 1 4 6
L 1 4 9
1 6
23 25 3
W 1 1 5
J 1 2 4
J 1 5 4
W 1 1 4
J 1 1 4
W 1 1 1
W 1 4 2
J 1 4 2
J 1 5 1
W 1 2 2
W 1 1 8
J 1 1 7
W 1 3 6
J 1 1 6
W 1 4 4
W 1 1 3
W 1 5 1
W 1 2 1
W 1 1 5
W 1 1 5
W 1 2 5
W 1 5 1
W 1 4 2
T 1 5 6
P 1 2 7
L 1 3 6
P 1 2 9
L 1 2 6
T 1 1 6
G 1 4 6
P 1 5 8
P 1 1 9
L 1 1 8
P 1 4 8
P 1 4 6
T 1 1 6
T 1 1 6
P 1 5 6
P 1 3 6
G 1 2 9
G 1 2 8
G 1 1 6
T 1 4 6
L 1 2 6
T 1 3 9
P 1 2 8
T 1 5 6
P 1 2 7
1 3
1 1
1 1
9 25 2
W 8 3 5
W 82 1 7
J 71 5 7
W 41 1 8
W 88 5 1
W 14 1 3
J 1 2 7
J 28 1 6
W 28 3 1
P 32 2 6
T 54 3 9
P 34 1 8
P 6 1 6
L 4 4 6
T 89 3 6
P 92 1 6
T 6 5 6
P 1 3 8
P 38 1 8
P 3 2 7
P 31 5 6
P 46 1 6
P 43 4 7
L 11 2 8
T 60 4 8
P 92 1 8
L 51 5 6
T 71 5 8
G 91 1 6
P 66 3 9
L 10 4 7
L 15 1 6
P 41 1 9
P 91 3 6
6 4
73 9
4 30 7
W 1 4 1
J 1 2 1
W 1 1 2
J 2 4 1
L 1 2 6
L 1 1 6
P 1 1 6
P 1 3 8
P 1 1 7
T 1 1 6
T 1 1 6
P 1 1 6
P 2 2 7
L 1 5 7
L 2 1 7
T 1 4 8
G 1 4 7
L 1 1 7
L 2 3 6
T 1 5 8
P 1 1 8
G 2 5 7
G 1 4 9
T 1 2 9
P 1 5 6
T 1 1 6
L 2 4 6
T 1 4 6
P 1 2 6
P 1 4 6
T 1 5 7
P 2 5 6
T 1 4 8
P 1 1 6
1 7
2 7
1 3
2 1
1 4
1 1
1 2
21 65 9
J 26 1 5
W 1 3 7
W 71 5 6
J 94 1 7
W 11 4 2
W 62 5 6
W 88 1 6
W 21 3 4
W 6 5 3
W 53 3 7
J 19 1 4
W 86 1 7
W 66 2 3
W 1 5 5
J 65 2 3
W 51 2 4
W 68 3 7
J 73 1 7
W 14 1 3
W 61 5 7
W 84 2 1
T 33 2 7
P 1 2 7
T 67 3 6
L 34 4 6
P 66 1 8
P 21 1 7
T 56 3 7
P 31 1 6
T 16 5 8
P 71 1 6
P 66 2 6
P 67 5 8
P 75 1 6
T 39 1 8
T 28 5 6
P 86 1 8
L 25 1 8
G 60 3 9
P 92 2 6
T 41 1 8
T 85 1 6
P 42 1 7
T 20 3 6
P 7 1 7
L 67 5 9
L 12 3 6
P 81 4 8
P 59 4 8
P 13 5 6
T 1 5 8
T 47 2 6
T 46 5 7
P 55 5 6
P 1 5 6
P 90 1 6
P 74 2 9
P 67 5 8
G 92 2 6
P 44 3 6
L 65 3 9
G 21 5 7
T 39 1 9
L 56 1 8
P 62 5 6
T 45 5 6
P 3 4 6
T 45 1 7
T 53 5 8
T 20 4 9
T 91 2 7
T 69 1 6
P 92 5 6
P 39 1 9
P 77 1 7
P 20 1 7
P 42 5 6
T 48 2 6
L 51 3 9
T 32 2 8
P 51 1 6
P 4 1 6
G 49 5 7
P 54 4 8
P 16 3 6
G 39 5 8
46 5
86 7
53 1
42 2
84 2
1 1
56 5
36 1
6 1
22 49 7
W 17 3 2
J 52 4 9
W 166 5 1
W 81 4 3
W 234 1 8
W 90 3 3
W 90 5 4
W 143 3 1
W 35 3 2
W 26 1 1
W 58 3 4
J 24 3 4
J 35 5 5
W 62 1 2
W 193 1 7
J 91 1 4
J 95 5 7
W 106 1 9
W 135 3 4
W 47 4 4
W 85 2 1
W 42 4 1
T 36 1 6
G 79 1 7
L 61 4 6
P 8 1 6
G 70 5 6
G 210 2 8
L 131 2 6
T 87 4 7
L 193 3 6
P 47 1 6
G 230 1 8
G 45 1 9
P 65 3 8
P 85 1 8
P 224 5 8
P 101 2 6
G 90 3 9
T 222 1 6
T 121 3 8
G 135 4 6
P 83 4 6
P 52 2 6
P 130 4 8
P 180 4 6
L 75 4 6
T 115 5 6
P 139 1 8
T 5 1 8
P 225 3 8
T 163 4 7
P 78 1 8
L 191 4 7
P 186 1 6
P 197 5 8
L 24 5 6
P 105 3 7
P 84 5 9
T 141 5 6
P 135 2 9
T 212 4 7
L 31 3 8
L 116 5 8
P 234 4 8
P 61 4 8
T 131 1 6
T 154 1 8
G 231 1 6
T 109 3 8
L 112 1 6
34 5
49 1
86 4
80 6
37 1
109 7
193 1
3 89 9
W 21 1 8
J 47 4 4
W 41 3 4
T 51 1 6
T 49 4 6
G 67 3 8
T 65 5 6
T 39 1 6
T 31 3 6
T 17 1 7
P 1 1 9
P 60 5 8
P 51 3 6
P 71 2 6
T 23 5 9
T 74 1 6
T 19 1 7
P 23 1 8
P 36 1 6
G 22 2 6
P 1 3 6
P 71 2 6
T 76 3 6
T 27 1 6
P 34 1 6
P 64 3 8
P 37 2 6
T 16 1 8
P 56 2 8
P 37 5 6
L 40 3 8
T 35 2 8
P 44 4 9
P 67 1 7
P 49 2 7
T 42 1 8
P 65 1 6
P 22 1 6
P 22 4 6
P 75 1 7
T 55 1 6
G 44 4 6
P 48 5 6
G 52 3 6
L 22 2 7
L 41 5 6
P 53 1 6
T 43 1 6
P 72 4 8
T 44 2 6
T 74 3 6
P 57 4 6
P 3 3 9
L 17 1 8
P 36 1 8
P 54 3 6
P 56 1 6
P 8 5 6
P 1 3 8
P 70 1 6
G 51 1 6
T 29 1 6
P 22 1 7
T 1 3 9
T 73 2 6
P 42 1 9
T 8 3 6
P 36 1 6
T 56 1 6
T 43 3 6
P 49 5 6
P 50 4 8
P 12 1 8
L 2 1 6
P 3 4 6
T 44 2 8
T 52 5 9
L 72 5 6
G 19 5 8
P 61 1 6
P 31 1 8
L 6 1 8
P 62 5 6
P 58 1 8
T 44 4 7
P 50 4 7
T 70 2 7
T 45 2 9
T 56 1 6
G 5 2 8
T 26 4 6
P 73 1 6
4 4
13 8
36 6
38 5
45 7
56 5
39 3
46 7
1 5
13 51 3
J 235 4 1
W 120 4 1
W 249 4 1
W 169 3 7
W 112 3 2
W 78 5 4
W 30 3 3
W 100 1 1
W 162 1 5
W 88 2 3
W 147 4 5
J 3 4 6
J 40 4 7
G 1 2 9
P 76 1 8
P 137 1 6
P 175 3 9
T 10 3 6
P 229 1 8
P 33 5 6
G 215 4 8
T 175 1 6
G 28 5 6
G 140 3 9
T 219 4 8
P 163 5 6
P 132 1 6
P 47 5 9
T 127 3 6
P 1 1 7
T 161 1 6
T 209 3 9
P 203 1 9
P 247 3 6
P 145 1 6
P 154 3 6
T 196 3 6
G 251 1 8
P 145 4 7
P 91 2 7
T 5 1 8
G 194 3 8
G 159 3 6
L 71 2 9
P 150 1 6
L 201 1 6
P 199 3 9
P 7 1 6
T 208 5 9
T 135 4 6
P 5 1 6
P 32 2 6
P 246 5 6
T 133 1 8
T 149 4 6
L 64 3 6
G 133 1 8
T 193 1 6
T 234 1 6
P 31 4 6
T 223 4 9
P 27 5 6
T 38 2 8
P 33 4 6
247 6
169 4
67 4
24 40 6
W 10 3 1
J 4 4 3
W 2 1 2
W 10 5 8
W 7 4 6
J 6 3 1
W 5 2 3
W 4 1 5
J 8 4 3
W 1 1 5
W 3 1 4
W 11 5 8
J 6 1 1
W 8 4 8
J 1 4 4
W 10 1 3
W 5 3 8
W 6 1 1
W 7 4 1
J 6 2 5
W 5 1 4
J 3 2 9
J 5 1 4
W 10 4 7
L 2 1 7
T 1 4 8
L 5 3 8
T 10 1 8
P 4 4 7
P 1 5 6
L 6 4 6
P 3 1 8
P 7 1 6
P 3 1 8
L 5 5 6
P 8 5 6
T 3 3 8
P 8 3 6
P 7 4 6
P 1 1 9
T 4 1 6
P 11 2 6
P 3 1 9
P 1 1 6
P 4 4 6
P 1 5 6
T 1 2 6
T 1 3 7
L 9 3 6
P 1 1 8
G 10 3 6
G 11 3 6
P 11 2 8
P 1 4 6
P 10 1 6
P 11 4 6
G 1 5 8
P 1 2 8
T 5 1 6
P 4 1 6
P 4 1 6
G 10 1 6
T 2 5 9
P 9 1 7
4 5
7 5
9 7
4 1
1 1
9 9
