4 11344
14 11 13 9

#############################################

(1 4 47 0 1)
(1 2 25 0 1) (3 4 22 0 1)
(1 1 14 0 1) (2 2 11 0 1) (3 3 13 0 1) (4 4 9 0 1)

#############################################

4
2 1 2 5

#############################################

(1 4 57 0 1)
(1 2 35 5 1) (3 4 22 0 1)
(1 1 14 0 1) (2 2 11 0 1) (3 3 13 0 1) (4 4 9 0 1)

#############################################

1 1 4 11

#############################################

(1 4 627 0 11)
(1 2 35 5 1) (3 4 22 0 1)
(1 1 14 0 1) (2 2 11 0 1) (3 3 13 0 1) (4 4 9 0 1)

#############################################

2 1 1 11

#############################################

(1 4 538 0 1)
(1 2 296 0 1) (3 4 242 0 11)
(1 1 170 16 11) (2 2 126 5 11) (3 3 13 0 1) (4 4 9 0 1)

#############################################

3 1 1
170

